  2452127.52477              20.0420                   0.2125
  2452130.55734              20.8520                   0.3514
  2452133.56703              20.3870                   0.2098
  2452172.56858              20.2380                   0.3027
  2452337.86521              20.5170                   0.2254
  2452352.88741              20.3590                   0.2723
  2452361.88118              20.5650                   0.2742
  2452373.83204              20.6950                   0.3340
  2452464.80297              20.9490                   0.3855
  2452816.69894              20.8290                   0.3321
  2453059.88549              20.4870                   0.2364
  2453068.84982              20.7390                   0.3211
  2453071.90232              20.6810                   0.2907
  2453080.85077              20.1720                   0.1895
  2453083.79775              20.8000                   0.2751
  2453085.90885              20.5750                   0.2245
  2453087.84448              20.6760                   0.2548
  2453089.86519              20.7400                   0.2401
  2453091.86516              21.0100                   0.3358
  2453097.84393              20.4040                   0.1987
  2453099.86989              20.4100                   0.2217
  2453101.84299              20.7560                   0.3855
  2453102.87151              20.4470                   0.2447
  2453107.79420              20.0540                   0.1472
  2453108.82385              20.5460                   0.2263
  2453112.87077              20.4610                   0.2337
  2453114.86564              20.8030                   0.3036
  2453116.85329              20.6200                   0.2742
  2453122.86912              20.0810                   0.2558
  2453125.92987              20.5710                   0.3551
  2453126.82273              20.1830                   0.1610
  2453127.90876              20.4630                   0.2355
  2453128.89811              20.2440                   0.2475
  2453130.77561              20.2530                   0.2604
  2453135.79600              20.1790                   0.1794
  2453137.84838              20.3240                   0.2686
  2453138.73313              20.6640                   0.2843
  2453140.70485              20.4370                   0.2042
  2453141.76992              20.4000                   0.1932
  2453142.84421              20.6610                   0.2742
  2453144.86217              20.5460                   0.2420
  2453146.93193              20.2700                   0.2024
  2453151.83749              20.4080                   0.2484
  2453152.83586              20.6170                   0.2898
  2453153.83441              20.2160                   0.2429
  2453153.84188              20.7810                   0.4214
  2453153.86935              20.5160                   0.3551
  2453153.89117              20.3000                   0.2604
  2453153.91474              20.5120                   0.2898
  2453153.93881              20.1360                   0.3174
  2453154.62462              20.2460                   0.3478
  2453154.65748              20.7560                   0.4223
  2453154.77849              20.7010                   0.3514
  2453154.87868              20.4840                   0.3744
  2453154.91063              20.1920                   0.3008
  2453156.73467              20.2890                   0.2006
  2453156.80548              20.1220                   0.3275
  2453156.92703              20.2730                   0.2466
  2453157.76554              20.4280                   0.3054
  2453162.57510              20.4170                   0.3616
  2453162.87225              20.7460                   0.3855
  2453163.60855              20.2650                   0.2107
  2453163.83454              20.4570                   0.2263
  2453164.60557              20.9940                   0.3643
  2453164.82026              20.2820                   0.2429
  2453165.63515              20.3690                   0.2134
  2453165.67648              20.6190                   0.2190
  2453166.65630              20.5640                   0.3772
  2453167.68310              20.6170                   0.2990
  2453168.57903              20.0470                   0.1500
  2453168.83337              20.4830                   0.2364
  2453169.86343              20.2670                   0.2438
  2453170.58963              20.5100                   0.2539
  2453170.65454              20.4420                   0.1665
  2453170.89056              20.7400                   0.3064
  2453171.52229              20.9490                   0.4352
  2453171.71180              20.4690                   0.1840
  2453172.53429              20.5640                   0.3018
  2453173.74678              20.3770                   0.2475
  2453173.85816              20.6630                   0.3303
  2453174.86129              20.3280                   0.2254
  2453174.90903              20.5640                   0.3064
  2453175.54508              20.4920                   0.2521
  2453175.77626              20.8530                   0.2999
  2453175.78970              20.8060                   0.3349
  2453175.79567              20.3370                   0.2033
  2453175.79857              20.3410                   0.2079
  2453175.80147              20.2000                   0.1684
  2453175.80456              20.5640                   0.2392
  2453175.81101              20.3570                   0.1914
  2453175.83081              20.9110                   0.3652
  2453175.84880              20.2180                   0.2217
  2453175.86876              19.9590                   0.1886
  2453175.89983              20.6910                   0.3956
  2453175.91746              20.4670                   0.3257
  2453176.57859              20.6790                   0.4177
  2453176.63071              20.6120                   0.3487
  2453177.70930              20.7070                   0.4453
  2453177.84442              20.4670                   0.4444
  2453178.53727              19.9410                   0.2070
  2453178.59120              20.4950                   0.3367
  2453178.68918              20.4140                   0.2475
  2453178.76823              20.3580                   0.2226
  2453179.51536              20.3030                   0.2107
  2453179.56578              20.7900                   0.2953
  2453179.58732              20.3760                   0.2254
  2453179.71962              20.5010                   0.2438
  2453179.80447              20.3020                   0.2116
  2453179.88914              20.5750                   0.3312
  2453180.61461              20.5350                   0.1822
  2453180.70594              20.4550                   0.1748
  2453180.78569              20.4910                   0.2042
  2453180.80571              20.6310                   0.2015
  2453180.89328              20.4360                   0.2512
  2453182.60176              20.4490                   0.2944
  2453182.67605              20.6930                   0.3183
  2453182.79140              20.3130                   0.2134
  2453182.86593              20.6920                   0.3100
  2453183.57406              20.6800                   0.3100
  2453183.72643              20.4620                   0.2889
  2453183.83627              20.5900                   0.3432
  2453184.49460              20.5500                   0.3533
  2453184.63246              20.2620                   0.1454
  2453184.78038              20.5770                   0.2705
  2453185.63521              20.7430                   0.2714
  2453185.87586              20.0240                   0.2006
  2453194.53018              20.6390                   0.3625
  2453194.82091              20.3040                   0.2116
  2453195.75409              20.6890                   0.2484
  2453197.52517              20.5730                   0.2512
  2453197.79548              20.3740                   0.2760
  2453199.79575              20.3000                   0.3432
  2453201.84277              19.9040                   0.2245
  2453202.78656              20.2140                   0.2015
  2453203.61563              20.6370                   0.1822
  2453204.76376              20.4560                   0.2282
  2453205.69405              20.5840                   0.2171
  2453210.59127              20.9180                   0.3689
  2453211.75752              20.7040                   0.3689
  2453218.74443              20.4170                   0.3993
  2453226.72854              20.2460                   0.2705
  2453228.69896              20.5940                   0.3432
  2453229.72972              20.0760                   0.2208
  2453230.74556              20.7500                   0.3956
  2453231.67286              20.5380                   0.3137
  2453238.69741              20.4990                   0.3321
  2453240.54734              20.4470                   0.2640
  2453247.52132              20.2060                   0.1702
  2453251.53606              20.6050                   0.3478
  2453254.61762              20.6130                   0.3864
  2453257.55551              20.2880                   0.1509
  2453265.58457              20.9770                   0.4168
  2453273.51615              20.1760                   0.3174
  2453277.53058              20.5520                   0.3625
  2453289.53626              20.6450                   0.3763
  2453294.53155              20.6990                   0.3202
  2453418.87054              20.1550                   0.1739
  2453424.85420              20.2410                   0.2539
  2453430.83770              20.5850                   0.2668
  2453436.88432              20.5270                   0.2834
  2453443.85545              20.7640                   0.2456
  2453445.88387              20.6260                   0.1840
  2453448.79050              20.7460                   0.3441
  2453450.80784              20.7970                   0.2392
  2453453.85127              20.6850                   0.3146
  2453458.88653              20.6930                   0.2907
  2453459.90171              20.2750                   0.1914
  2453468.88521              20.4550                   0.2024
  2453469.88792              20.6830                   0.2079
  2453474.80646              20.6660                   0.2456
  2453476.78306              20.6530                   0.2291
  2453478.87840              20.6280                   0.2447
  2453480.89427              20.1140                   0.1776
  2453483.82886              20.7150                   0.3137
  2453496.93598              20.6000                   0.3846
  2453497.90923              20.3470                   0.2493
  2453500.91828              20.8610                   0.3376
  2453502.90248              20.2750                   0.1849
  2453506.94277              20.0940                   0.2438
  2453509.90290              20.1600                   0.1398
  2453511.92642              20.6850                   0.2502
  2453512.91960              20.8630                   0.4416
  2453521.80934              20.6530                   0.2852
  2453522.87703              20.3680                   0.2355
  2453527.73696              20.1820                   0.1224
  2453528.89584              20.5660                   0.2815
  2453530.87418              20.8900                   0.2493
  2453530.90555              20.9950                   0.3248
  2453538.86370              20.5080                   0.2723
  2453544.89528              20.3970                   0.3827
  2453550.83945              21.0300                   0.4278
  2453551.85151              20.4210                   0.2217
  2453554.85339              20.6650                   0.3542
  2453556.85794              20.4940                   0.4214
  2453558.63484              20.3140                   0.1785
  2453559.64329              20.7640                   0.2723
  2453560.71962              20.4630                   0.2226
  2453561.64115              21.1490                   0.3662
  2453562.67447              20.6750                   0.2410
  2453573.79728              20.4710                   0.3542
  2453574.76948              20.5010                   0.3487
  2453575.71144              20.4190                   0.1969
  2453576.77807              20.5090                   0.3027
  2453578.75258              21.0200                   0.4223
  2453579.70111              20.9300                   0.2760
  2453581.75059              20.3460                   0.2052
  2453582.69950              20.7850                   0.2742
  2453583.71773              20.2910                   0.2199
  2453585.72026              20.2620                   0.1509
  2453586.77428              21.0520                   0.3662
  2453590.76002              20.6230                   0.3137
  2453591.74510              20.5680                   0.2456
  2453592.71939              20.1890                   0.1674
  2453608.70810              20.8060                   0.3294
  2453619.62458              20.0980                   0.2015
  2453621.66621              20.9450                   0.4342
  2453631.57932              20.4280                   0.2778
  2453634.53512              20.6310                   0.2548
  2453640.53829              20.6510                   0.3606
  2453644.61360              20.2150                   0.2401
  2453649.58952              20.8980                   0.3763
  2453652.56348              20.3240                   0.3505
  2453783.89201              20.9660                   0.3827
  2453786.87929              20.2380                   0.2788
  2453792.89709              20.1970                   0.1886
  2453794.89622              20.5880                   0.2558
  2453796.88806              20.3980                   0.2006
  2453797.88769              20.2880                   0.1656
  2453802.81560              20.4080                   0.2282
  2453804.89542              19.9470                   0.2088
  2453806.90790              20.7050                   0.2788
  2453808.89288              20.4130                   0.2088
  2453810.80894              20.1080                   0.1978
  2453814.78601              20.6630                   0.2852
  2453818.85083              21.0790                   0.3809
  2453819.91029              20.9990                   0.2640
  2453820.90254              20.8900                   0.2926
  2453821.91390              20.4650                   0.1904
  2453823.91080              20.6090                   0.2199
  2453825.91286              20.3400                   0.2466
  2453826.91198              20.2850                   0.2006
  2453829.92013              20.6240                   0.2383
  2453830.88937              21.0040                   0.3220
  2453832.92065              19.9790                   0.1748
  2453833.91077              20.5630                   0.2447
  2453834.82782              20.7890                   0.2429
  2453835.88715              20.7590                   0.2236
  2453836.88975              20.5290                   0.2180
  2453837.86850              20.7250                   0.2364
  2453838.87267              20.5180                   0.2539
  2453839.89167              20.2400                   0.2558
  2453840.87568              20.8840                   0.3330
  2453841.85905              20.3130                   0.1812
  2453846.86734              20.3020                   0.1546
  2453847.91382              20.1430                   0.2732
  2453848.88322              20.2260                   0.2088
  2453849.91214              20.5940                   0.2650
  2453851.83855              20.6840                   0.3266
  2453852.83063              20.4620                   0.2291
  2453853.81990              20.5150                   0.1647
  2453856.80854              20.6650                   0.2622
  2453860.86397              20.7330                   0.3735
  2453861.87926              20.7570                   0.2778
  2453862.82284              20.6110                   0.2834
  2453863.80064              20.0960                   0.1371
  2453864.82451              20.7260                   0.1950
  2453866.75257              20.8480                   0.2732
  2453869.73727              20.4090                   0.2410
  2453873.73993              20.5190                   0.2079
  2453875.77002              20.7560                   0.2263
  2453877.72838              20.6360                   0.2282
  2453880.79575              20.9500                   0.2981
  2453881.80366              20.5980                   0.2098
  2453882.73862              20.9920                   0.3671
  2453883.79063              20.8850                   0.2898
  2453886.75396              20.7640                   0.3008
  2453887.73380              20.5790                   0.2493
  2453889.89550              20.4520                   0.2006
  2453891.62711              20.7600                   0.3432
  2453892.76280              20.4720                   0.2410
  2453893.79943              20.5060                   0.2953
  2453894.83058              20.4890                   0.3459
  2453896.78408              20.3610                   0.3450
  2453900.67783              20.3490                   0.2880
  2453901.68330              20.1550                   0.1555
  2453902.70089              20.6450                   0.2512
  2453903.84917              21.0080                   0.3864
  2453904.68065              20.6710                   0.1785
  2453905.69142              20.3760                   0.1702
  2453906.66924              20.2530                   0.1960
  2453908.67520              21.0440                   0.2944
  2453909.67327              20.5000                   0.1546
  2453912.67733              20.5260                   0.1362
  2453913.67758              20.4660                   0.1840
  2453914.73701              20.6280                   0.2521
  2453915.67444              20.3850                   0.1638
  2453916.75617              20.8250                   0.3855
  2453917.77340              19.9190                   0.1748
  2453918.77365              20.1490                   0.1638
  2453919.70385              20.3620                   0.1730
  2453920.65750              20.7600                   0.3303
  2453930.72766              19.9180                   0.1536
  2453931.64381              20.3640                   0.2217
  2453932.60763              20.6220                   0.1904
  2453933.65515              20.3680                   0.1582
  2453934.62156              20.7530                   0.2374
  2453934.83049              20.6030                   0.2953
  2453935.60261              20.3860                   0.1757
  2453936.58768              20.5860                   0.2677
  2453937.66642              20.8120                   0.2990
  2453938.63263              20.1910                   0.2006
  2453940.77669              20.5920                   0.2640
  2453944.74042              20.6790                   0.2512
  2453945.66903              20.5520                   0.2272
  2453946.65982              21.0320                   0.3855
  2453950.67511              20.5560                   0.2024
  2453951.69754              20.0080                   0.1895
  2453959.64683              20.2360                   0.2033
  2453960.63790              20.8690                   0.2778
  2453963.64326              20.4720                   0.2236
  2453964.68645              20.3140                   0.1776
  2453965.65425              20.3640                   0.1776
  2453966.64867              20.6340                   0.2438
  2453967.67218              20.4670                   0.1969
  2453968.63172              20.8410                   0.3340
  2453969.64214              20.3720                   0.2162
  2453970.64892              20.5840                   0.2337
  2453971.68019              20.5150                   0.2236
  2453974.64599              21.1290                   0.4315
  2453975.63853              20.3470                   0.2070
  2453976.63248              20.4010                   0.2254
  2453987.62981              20.4150                   0.2300
  2453989.58008              20.4620                   0.2806
  2453991.58152              20.6460                   0.3340
  2453995.52933              20.2390                   0.1831
  2454001.59965              20.7920                   0.3156
  2454002.63523              20.9860                   0.4241
  2454011.57303              20.2310                   0.2594
  2454017.57570              20.5180                   0.3036
  2454025.51818              20.0560                   0.1886
  2454027.52592              20.3080                   0.2751
  2454153.83775              20.3610                   0.2742
  2454155.87250              20.4980                   0.2631
  2454158.83425              20.2940                   0.2622
  2454162.88500              20.2090                   0.2328
  2454165.86931              20.5000                   0.3744
  2454167.86226              20.7080                   0.3441
  2454169.86470              20.3230                   0.1941
  2454174.87865              20.1010                   0.1592
  2454176.85598              20.5110                   0.2594
  2454177.91290              19.8940                   0.2512
  2454179.80718              20.6100                   0.2870
  2454180.87571              20.5280                   0.2870
  2454182.78409              20.3400                   0.1868
  2454183.82101              20.0810                   0.1776
  2454185.79685              20.6870                   0.2861
  2454190.89484              20.2520                   0.1996
  2454192.89904              20.0600                   0.1582
  2454193.91005              19.9990                   0.1408
  2454196.88968              20.0710                   0.1665
  2454202.90130              20.1010                   0.1592
  2454203.88948              19.9670                   0.1196
  2454204.89629              20.1630                   0.1638
  2454205.88511              19.9390                   0.1463
  2454207.91284              20.1300                   0.1610
  2454208.91847              19.8280                   0.1279
  2454213.89000              20.0210                   0.1251
  2454216.84865              19.9070                   0.1389
  2454217.87153              19.8600                   0.1058
  2454218.91525              19.7700                   0.1251
  2454222.86215              19.6350                   0.1196
  2454228.86307              19.6770                   0.1702
  2454229.82900              19.3060                   0.0810
  2454230.80965              19.4040                   0.0791
  2454231.85196              19.2310                   0.0718
  2454232.87290              19.2560                   0.1132
  2454234.81033              19.1120                   0.0607
  2454234.84781              19.1040                   0.0681
  2454235.83144              19.0280                   0.0580
  2454237.64831              18.9960                   0.0764
  2454238.83596              18.6660                   0.0543
  2454240.63405              18.4540                   0.0534
  2454243.88232              17.2960                   0.0193
  2454244.89302              16.2400                   0.0083
  2454245.93212              16.1520                   0.0083
  2454246.93642              17.2230                   0.0203
  2454247.59351              17.6050                   0.0203
  2454250.92271              18.4750                   0.0635
  2454256.82109              19.2410                   0.1362
  2454257.70498              19.3810                   0.1049
  2454258.80736              19.3930                   0.1150
  2454268.58839              19.8960                   0.1923
  2454269.72880              20.0290                   0.1619
  2454272.65004              20.0180                   0.1380
  2454273.69746              19.8070                   0.1398
  2454274.68132              19.8200                   0.1398
  2454275.73810              20.2380                   0.2640
  2454277.57896              20.3290                   0.2870
  2454278.71232              20.2360                   0.2714
  2454283.65915              20.0440                   0.1711
  2454284.64057              20.2850                   0.2355
  2454285.64753              20.1040                   0.2502
  2454286.74127              20.5010                   0.3597
  2454289.69106              19.9800                   0.1932
  2454291.58542              20.3890                   0.3146
  2454292.62594              20.1260                   0.1426
  2454293.65433              20.0450                   0.1279
  2454294.69491              20.1390                   0.1748
  2454295.65554              20.2900                   0.1610
  2454296.63839              20.1030                   0.1389
  2454297.56560              20.2600                   0.1610
  2454299.76730              20.4690                   0.2134
  2454300.70345              20.4000                   0.2024
  2454301.56656              20.5740                   0.2429
  2454302.80052              20.4710                   0.3008
  2454311.60009              20.4370                   0.3882
  2454312.66737              20.3620                   0.2392
  2454317.65446              20.3670                   0.2364
  2454319.66340              20.5500                   0.3045
  2454326.67257              20.2520                   0.2079
  2454328.64309              20.6440                   0.2677
  2454329.63376              20.6230                   0.3275
  2454330.64772              20.5550                   0.2539
  2454331.64313              20.3410                   0.2052
  2454332.69777              20.2780                   0.2466
  2454338.68001              20.5540                   0.4407
  2454339.64994              20.1720                   0.3294
  2454342.69107              20.2840                   0.3395
  2454343.66086              20.6190                   0.3018
  2454346.66590              20.3430                   0.2723
  2454347.68003              20.4240                   0.2907
  2454349.65509              20.2590                   0.2318
  2454350.67967              20.5210                   0.3018
  2454351.65053              20.4110                   0.2521
  2454354.65928              20.5840                   0.3386
  2454357.59729              20.6550                   0.4149
  2454359.57079              20.2930                   0.1987
  2454365.61573              20.3700                   0.3790
  2454368.61527              20.4320                   0.4563
  2454370.57090              20.4180                   0.2355
  2454372.60370              20.7480                   0.3698
  2454377.56443              20.4610                   0.3533
