  2454206.24677              11.7545                   0.0801
  2454208.14802              11.6129                   0.2334
  2454209.08591              11.7907                   0.1371
  2454209.13346              12.3790                   0.4835
  2454209.17191              11.4809                   0.1799
  2454209.20886              11.6954                   0.0548
  2454209.96516              11.5590                   0.0575
  2454210.00266              11.6810                   0.0335
  2454210.03963              11.7404                   0.0495
  2454210.07543              11.6965                   0.0467
  2454210.11187              11.7257                   0.0335
  2454210.14824              11.7111                   0.0512
  2454210.18406              11.6991                   0.0471
  2454210.25787              11.7212                   0.0406
  2454210.98783              11.5707                   0.0516
  2454211.02419              11.6120                   0.0983
  2454211.06075              11.7733                   0.0657
  2454211.09676              11.7165                   0.0445
  2454211.13284              11.7133                   0.0447
  2454211.17330              11.9969                   0.2472
  2454211.20914              11.7191                   0.0485
  2454211.97649              11.6204                   0.0372
  2454212.96980              11.6585                   0.0351
  2454213.00611              11.6779                   0.0378
  2454213.04215              11.7184                   0.0363
  2454213.07845              11.6828                   0.0451
  2454213.11474              11.7146                   0.0431
  2454213.27389              11.5859                   0.0866
  2454214.19979              11.6390                   0.1486
  2454215.98877              11.5439                   0.1539
  2454216.02482              11.7010                   0.0625
  2454216.09789              11.4854                   0.1598
  2454216.17253              11.5741                   0.0604
  2454219.24240              11.3812                   0.1223
  2454219.27881              12.2737                   0.5842
  2454219.95613              11.6924                   0.0673
  2454220.03673              11.5902                   0.1574
  2454220.07438              11.6649                   0.0413
  2454220.11075              11.7366                   0.0759
  2454220.14706              11.7281                   0.0969
  2454220.18342              11.6338                   0.1079
  2454220.22132              11.4847                   0.3030
  2454223.92883              11.3387                   0.0815
  2454223.96192              11.4461                   0.0804
  2454223.99829              11.4647                   0.0687
  2454224.03635              11.6950                   0.0616
  2454224.07366              11.7402                   0.0710
  2454224.11467              11.6024                   0.0544
  2454224.15695              11.5595                   0.2058
  2454224.20489              11.3883                   0.2293
  2454225.09941              11.7612                   0.4132
  2454227.94489              11.4272                   0.0762
  2454227.98597              11.6119                   0.0777
  2454228.02734              11.5299                   0.0604
  2454228.06859              11.4932                   0.0448
  2454228.10985              11.5289                   0.0532
  2454228.15102              11.5543                   0.0477
  2454228.19347              11.5422                   0.0477
  2454228.23748              11.5559                   0.0410
  2454228.27875              11.5840                   0.0655
  2454228.92035              11.3463                   0.1154
  2454230.92288              12.0561                   0.4264
  2454231.08569              11.5794                   0.1180
  2454231.90741              11.4947                   0.1886
  2454231.93966              11.3777                   0.1325
  2454231.97536              11.4903                   0.0581
  2454232.01104              11.5343                   0.0518
  2454232.04682              11.4826                   0.0895
  2454232.08254              11.4868                   0.0674
  2454232.11825              11.4542                   0.0477
  2454232.15406              11.5546                   0.1232
  2454232.19110              11.4793                   0.0713
  2454232.22958              11.4822                   0.0422
  2454232.26575              11.4288                   0.0399
  2454232.90687              11.6598                   0.1721
  2454232.95878              11.5040                   0.0666
  2454233.02232              11.3245                   0.0492
  2454233.06717              11.4813                   0.0456
  2454233.11029              11.4574                   0.0333
  2454233.14570              11.4074                   0.0293
  2454233.19115              11.3888                   0.0243
  2454233.23417              11.4467                   0.0311
  2454233.27474              11.4555                   0.0377
  2454233.90054              11.3127                   0.0531
  2454233.93622              11.3656                   0.0427
  2454233.97697              11.4041                   0.0335
  2454234.01758              11.4208                   0.0301
  2454234.05939              11.2852                   0.0316
  2454234.10214              11.4451                   0.0339
  2454234.14320              11.4514                   0.0324
  2454234.18497              11.3659                   0.0364
  2454234.95204              11.4672                   0.0634
  2454234.98792              11.4015                   0.0461
  2454235.02378              11.4084                   0.0340
  2454235.05948              11.4265                   0.0338
  2454235.22368              11.3736                   0.0279
  2454235.25945              11.3232                   0.0308
  2454236.08861              11.5995                   0.2555
  2454237.90766              11.3040                   0.0626
  2454237.94350              11.2391                   0.0355
  2454237.97954              11.2997                   0.0526
  2454238.04905              11.2215                   0.0272
  2454238.08969              11.2526                   0.0233
  2454238.13017              11.2479                   0.0536
  2454238.19692              11.1860                   0.0681
  2454238.90037              11.1325                   0.0264
  2454238.93847              11.1185                   0.0215
  2454238.97421              11.1559                   0.0243
  2454239.00993              11.1647                   0.0276
  2454239.04565              11.1232                   0.0266
  2454239.16756              11.1185                   0.0206
  2454239.20334              11.1292                   0.0227
  2454239.23906              11.1117                   0.0223
  2454239.27478              11.1461                   0.0232
  2454239.89813              11.0847                   0.0355
  2454239.93632              11.0602                   0.0246
  2454240.03090              10.9799                   0.0756
  2454241.91694              10.7773                   0.0740
  2454241.99064              10.7239                   0.0525
  2454242.02651              10.7468                   0.0859
  2454242.07472              10.7727                   0.0801
  2454242.11050              10.7160                   0.0500
  2454242.14627              10.7732                   0.0600
  2454242.18595              10.6529                   0.0414
  2454242.22167              10.7273                   0.0237
  2454242.25740              10.7054                   0.0650
  2454244.12148              10.0526                   0.0311
  2454244.87175              9.3040                   0.0134
  2454244.90863              9.2127                   0.0084
  2454244.94909              9.1627                   0.0122
  2454245.02147              9.0182                   0.0334
  2454245.06188              8.9910                   0.0236
  2454245.10236              8.8578                   0.0059
  2454245.18717              8.6624                   0.0055
  2454245.22758              8.6858                   0.0058
  2454245.26682              8.8024                   0.0059
  2454246.21833              9.5379                   0.0109
  2454246.25398              9.5989                   0.0080
  2454247.86532              10.3863                   0.0501
  2454247.89738              10.5100                   0.0192
  2454247.93302              10.5079                   0.0301
  2454247.96868              10.5332                   0.0256
  2454248.00430              10.5815                   0.0168
  2454248.04062              10.5471                   0.0144
  2454248.07626              10.5483                   0.0156
  2454248.11362              10.6029                   0.0145
  2454248.15163              10.5948                   0.0151
  2454248.19574              10.6467                   0.0209
  2454248.23970              10.6329                   0.0141
  2454248.28365              10.6368                   0.0188
  2454248.87584              10.7223                   0.0343
  2454248.91385              10.7949                   0.0338
  2454248.94950              10.7544                   0.1632
  2454248.98513              10.8627                   0.0704
  2454249.02077              10.8186                   0.0246
  2454249.05641              10.8333                   0.0277
  2454249.09205              10.8463                   0.0223
  2454249.12769              10.8621                   0.0322
  2454249.16796              10.8275                   0.0190
  2454249.20359              10.7973                   0.0260
  2454249.23922              10.9512                   0.0513
  2454249.27486              10.8969                   0.0307
  2454249.93708              10.9421                   0.0431
  2454249.97273              10.9776                   0.0349
  2454250.00837              10.9828                   0.0344
  2454250.04400              10.9315                   0.0202
  2454250.07965              10.9496                   0.0224
  2454250.11530              11.0133                   0.0270
  2454250.15214              11.0045                   0.0210
  2454250.19038              11.0121                   0.0224
  2454250.22603              11.0191                   0.0275
  2454250.26166              10.9846                   0.0242
  2454250.90361              11.0950                   0.1374
  2454250.94654              11.2004                   0.1965
  2454252.86372              11.0683                   0.1326
  2454252.92016              11.1357                   0.1193
  2454252.95690              11.0081                   0.1630
  2454252.99350              11.2107                   0.1517
  2454253.02961              11.3749                   0.1461
  2454253.06821              11.1759                   0.0924
  2454253.10438              11.2117                   0.0958
  2454254.84726              11.3508                   0.1022
  2454254.87329              11.2994                   0.1256
  2454254.90109              11.5247                   0.1356
  2454254.92902              11.3295                   0.1270
  2454254.95728              11.3024                   0.0882
  2454254.98501              11.3342                   0.0862
  2454255.04856              11.3560                   0.1114
  2454255.07791              11.3155                   0.1599
  2454255.10567              11.3430                   0.1032
  2454255.13466              11.3318                   0.0730
  2454255.16493              11.5396                   0.1215
  2454255.19397              11.2549                   0.0958
  2454255.22171              11.3413                   0.0854
  2454255.24944              11.1408                   0.1117
  2454255.27718              11.3110                   0.0924
  2454259.85502              11.8712                   0.4681
  2454259.89064              11.5930                   0.1577
  2454259.92627              11.5355                   0.0785
  2454259.96192              11.6020                   0.0849
  2454259.99757              11.7412                   0.1972
  2454260.03319              11.5699                   0.0498
  2454260.06884              11.6711                   0.0715
  2454260.11059              11.5191                   0.0300
  2454260.16656              11.6424                   0.0483
  2454260.22124              11.6939                   0.0909
  2454260.29015              11.4460                   0.0589
  2454260.82948              11.4424                   0.0458
  2454260.86488              11.4850                   0.0404
  2454260.90125              11.4980                   0.0330
  2454260.93691              11.4992                   0.0321
  2454260.97258              11.5579                   0.0281
  2454261.00823              11.5520                   0.0296
  2454261.04389              11.5549                   0.0335
  2454261.07954              11.5006                   0.0314
  2454261.11647              11.5881                   0.0248
  2454261.15460              11.5835                   0.0402
  2454261.19024              11.5257                   0.0483
  2454261.22590              11.5332                   0.0350
  2454261.26175              11.5678                   0.0366
  2454261.29738              11.5618                   0.0844
  2454261.83777              11.4815                   0.0431
  2454261.87222              11.5264                   0.0397
  2454261.90787              11.5617                   0.0311
  2454261.94352              11.5405                   0.0372
  2454261.97915              11.5505                   0.0299
  2454262.01479              11.5941                   0.0420
  2454262.05043              11.6090                   0.0812
  2454262.08605              11.5743                   0.0404
  2454262.12558              11.5903                   0.0320
  2454262.16124              11.5865                   0.0314
  2454262.19685              11.5834                   0.0304
  2454262.23249              11.4976                   0.0351
  2454262.26813              11.5105                   0.0384
  2454262.30377              11.7391                   0.0953
  2454262.84508              11.5334                   0.0378
  2454262.88070              11.5694                   0.0526
  2454262.91634              11.6060                   0.0350
  2454262.95197              11.5877                   0.0472
  2454262.98761              11.8101                   0.1284
  2454263.02325              11.5345                   0.0839
  2454263.05889              11.3901                   0.1020
  2454263.09580              11.4276                   0.0941
  2454263.13414              11.5820                   0.0511
  2454263.19279              11.5149                   0.0514
  2454263.22844              11.6061                   0.0875
  2454263.29972              11.7586                   0.1595
  2454263.82097              11.6227                   0.0612
  2454263.85306              11.5510                   0.0388
  2454263.88870              11.6074                   0.0446
  2454263.92434              11.5755                   0.0400
  2454263.95994              11.5885                   0.0428
  2454263.99560              11.5835                   0.0377
  2454264.03123              11.5565                   0.0405
  2454264.06687              11.6635                   0.0426
  2454264.10381              11.5928                   0.0337
  2454264.14204              11.5750                   0.0354
  2454264.17770              11.5949                   0.0514
  2454264.21334              11.5874                   0.0495
  2454265.99546              11.6390                   0.0467
  2454266.03111              11.6508                   0.0405
  2454266.06677              11.7428                   0.1816
  2454266.10373              11.5887                   0.0379
  2454266.15214              11.6559                   0.0349
  2454266.18778              11.5540                   0.0349
  2454267.97799              11.7090                   0.0501
  2454268.01672              11.6255                   0.0348
  2454268.05235              11.6809                   0.1197
  2454268.08928              11.5854                   0.0327
  2454268.13250              11.6496                   0.0399
  2454268.17646              11.5311                   0.0825
  2454268.22043              11.6000                   0.0465
  2454268.26447              11.4872                   0.1173
  2454268.82694              11.6349                   0.0634
  2454268.86259              11.6939                   0.0416
  2454268.89823              11.6390                   0.0364
  2454269.01557              11.6247                   0.0360
  2454269.05123              11.6491                   0.0492
  2454269.16693              11.7066                   0.0701
  2454269.20290              11.6290                   0.0313
  2454269.82388              11.6318                   0.0432
  2454269.85955              11.7095                   0.0513
  2454269.89518              11.6568                   0.0622
  2454269.93083              11.6992                   0.0829
  2454269.96648              11.6636                   0.0469
  2454270.00213              11.6588                   0.0535
  2454270.03779              11.7048                   0.0410
  2454270.07344              11.7083                   0.0574
  2454270.11295              11.6099                   0.0449
  2454274.82111              11.4864                   0.2261
  2454274.85675              11.6080                   0.0636
  2454274.89239              11.7246                   0.1666
  2454274.92802              12.0498                   0.4651
  2454274.96366              11.6580                   0.0954
  2454274.99930              11.8799                   0.2016
  2454275.07185              12.1873                   0.5532
  2454275.81881              11.7594                   0.1565
  2454275.87534              11.7070                   0.0549
  2454275.96416              11.7200                   0.0652
  2454276.00923              11.7365                   0.0360
  2454276.02111              11.6917                   0.0478
  2454276.02943              11.7246                   0.0463
  2454276.04012              11.6599                   0.0715
  2454276.04966              11.6266                   0.0439
  2454276.06157              11.6777                   0.0486
  2454276.07604              11.6793                   0.0365
  2454276.08435              11.7066                   0.0487
  2454276.09505              11.5927                   0.2524
  2454276.10337              11.7930                   0.3862
  2454276.11525              12.3492                   0.7147
  2454276.26707              11.9435                   0.4662
  2454276.27659              12.1245                   0.2897
  2454276.78959              11.5521                   0.2312
  2454277.02255              11.7093                   0.0776
  2454277.06909              11.6367                   0.0407
  2454277.11678              11.7465                   0.0605
  2454277.16191              11.7279                   0.0429
  2454277.20705              11.6843                   0.0435
  2454277.25222              11.7727                   0.1114
  2454277.81442              11.7376                   0.0798
  2454277.85485              11.8488                   0.0805
  2454277.89526              11.7863                   0.0598
  2454277.92331              11.7145                   0.0390
  2454277.93281              11.7521                   0.0525
  2454277.93875              11.7026                   0.0421
  2454277.95063              11.7543                   0.0442
  2454277.96308              11.7719                   0.0644
  2454277.97140              11.7220                   0.0551
  2454277.97972              11.7168                   0.0431
  2454277.98685              11.7825                   0.0637
  2454277.99517              11.7983                   0.0575
  2454278.00349              11.7519                   0.0392
  2454278.01180              11.7264                   0.0473
  2454278.02012              11.7405                   0.0366
  2454278.02726              11.7038                   0.0410
  2454278.03557              11.7256                   0.0425
  2454278.04392              11.7616                   0.0484
  2454278.05348              11.7091                   0.0667
  2454278.06179              11.7600                   0.0370
  2454278.06891              11.7322                   0.0478
  2454278.07723              11.6682                   0.0358
  2454278.08556              11.6666                   0.0381
  2454278.09643              11.6836                   0.0391
  2454278.10474              11.7278                   0.0358
  2454278.11188              11.7232                   0.0577
  2454278.12020              11.6571                   0.0376
  2454278.12852              11.6755                   0.0362
  2454278.13684              11.7025                   0.0454
  2454278.14516              11.7725                   0.0392
  2454278.15229              11.6839                   0.0463
  2454278.16060              11.7155                   0.0455
  2454278.16891              11.7702                   0.0518
  2454278.17723              11.7023                   0.0427
  2454278.18554              11.7144                   0.0530
  2454278.19266              11.6981                   0.0383
  2454278.20098              11.7464                   0.0407
  2454278.20929              11.6976                   0.0438
  2454278.21761              11.6617                   0.0424
  2454278.22592              11.7159                   0.0457
  2454278.23305              11.7131                   0.0424
  2454278.24136              11.6961                   0.0435
  2454278.24968              11.6699                   0.0462
  2454278.25799              11.6996                   0.0469
  2454278.26631              11.7009                   0.0529
  2454278.27344              11.7367                   0.0522
  2454278.80975              11.6475                   0.0800
  2454278.83116              11.6951                   0.0706
  2454278.85686              11.8547                   0.0745
  2454278.87894              11.7052                   0.0614
  2454278.90033              11.6136                   0.0604
  2454278.92780              11.6961                   0.0623
  2454278.96414              11.6470                   0.0431
  2454278.99980              11.7835                   0.0518
  2454279.03545              11.6190                   0.0402
  2454279.07233              11.7347                   0.0476
  2454279.11057              11.6928                   0.0598
  2454279.18186              11.6906                   0.1380
  2454283.13241              11.9054                   0.1258
  2454284.87160              11.8617                   0.1332
  2454284.90800              11.8198                   0.0936
  2454285.78762              11.8208                   0.1675
  2454287.92399              11.7824                   0.0449
  2454287.95962              11.7460                   0.0430
  2454287.99525              11.7961                   0.0527
  2454288.03215              11.7552                   0.0454
  2454288.15082              11.7693                   0.0442
  2454288.18785              11.7374                   0.0558
  2454288.22351              11.7752                   0.0669
  2454288.79001              11.8097                   0.0621
  2454288.83943              11.6856                   0.0390
  2454288.88459              11.6914                   0.0386
  2454288.92727              11.7404                   0.0431
  2454289.16608              11.7368                   0.0469
  2454289.22852              11.6988                   0.0564
  2454289.82733              11.7146                   0.0362
  2454289.86298              11.7017                   0.0432
  2454289.90104              11.7446                   0.0375
  2454289.93762              11.8026                   0.0675
  2454289.97423              11.7700                   0.0370
  2454290.01083              11.7821                   0.0385
  2454290.05129              11.7811                   0.0503
  2454290.08788              11.6890                   0.0325
  2454290.12448              11.6768                   0.0389
  2454290.16109              11.7240                   0.0451
  2454290.19770              11.7092                   0.0678
  2454290.23408              11.8055                   0.4436
  2454291.79560              11.7781                   0.0616
  2454291.83272              11.7073                   0.0537
  2454291.87137              11.7616                   0.0480
  2454291.98232              11.7612                   0.0802
  2454292.80910              11.7849                   0.0503
  2454292.84476              11.7361                   0.0560
  2454292.88041              11.7227                   0.0608
  2454292.91605              11.7746                   0.0610
  2454292.95168              11.7795                   0.0336
  2454292.98729              11.7369                   0.0292
  2454293.02421              11.7318                   0.0483
  2454293.06242              11.7424                   0.0346
  2454293.09807              11.7477                   0.0458
  2454293.14757              11.7600                   0.0389
  2454293.19832              11.7583                   0.0448
  2454293.22793              11.7420                   0.0491
  2454293.80088              11.8021                   0.0528
  2454293.83652              11.7650                   0.0369
  2454293.87215              11.7834                   0.0519
  2454293.90778              11.7419                   0.0678
  2454294.04355              11.8114                   0.0560
  2454294.07918              11.7791                   0.0373
  2454294.11483              11.7459                   0.0369
  2454294.15047              11.7957                   0.0418
  2454294.18613              11.7903                   0.0437
  2454294.22175              11.7540                   0.0400
  2454294.79468              11.7790                   0.0620
  2454294.83491              11.7737                   0.0463
  2454294.87696              11.7755                   0.0523
  2454294.92164              11.7852                   0.0381
  2454294.96337              11.8102                   0.0444
  2454295.00616              11.7576                   0.0361
  2454295.05188              11.8023                   0.0376
  2454295.09396              11.7474                   0.0563
  2454295.13559              11.7570                   0.0378
  2454295.18026              11.7433                   0.0475
  2454295.22290              11.8022                   0.0525
  2454295.79628              11.7985                   0.0522
  2454295.83191              11.7617                   0.0455
  2454296.06803              11.7961                   0.0420
  2454296.10367              11.8075                   0.0525
  2454296.13929              11.8227                   0.0494
  2454296.17494              11.7796                   0.0504
  2454296.21058              11.8137                   0.0516
  2454296.86525              11.7913                   0.0550
  2454296.90091              11.7387                   0.0465
  2454296.93653              11.7651                   0.0449
  2454296.97216              11.8425                   0.0562
  2454297.00910              11.7318                   0.0467
  2454298.12199              11.7539                   0.0564
  2454298.15763              11.7768                   0.0367
  2454298.19328              11.7996                   0.0587
  2454298.81408              11.7839                   0.0543
  2454298.84971              11.8234                   0.0622
  2454298.88536              11.7086                   0.0473
  2454298.92099              11.7754                   0.0534
  2454298.95664              11.8454                   0.0417
  2454298.99226              11.7364                   0.0356
  2454299.03173              11.7570                   0.0319
  2454299.06740              11.7537                   0.0339
  2454299.10302              11.7568                   0.0364
  2454299.13865              11.7984                   0.0420
  2454299.17429              11.7703                   0.0338
  2454299.20995              11.6911                   0.0489
  2454299.82454              11.7635                   0.0445
  2454299.86060              11.8014                   0.0494
  2454299.89624              11.8343                   0.0503
  2454299.93187              11.8018                   0.0437
  2454299.96752              11.7888                   0.0656
  2454300.00444              11.7872                   0.0389
  2454300.04268              11.7530                   0.0472
  2454300.07832              11.7616                   0.0405
  2454300.11396              11.7831                   0.0423
  2454300.14960              11.7690                   0.0418
  2454300.18524              11.8191                   0.0475
  2454300.81117              11.8386                   0.0668
  2454300.84681              11.8464                   0.0451
  2454300.88245              11.7606                   0.0446
  2454300.91807              11.7517                   0.0535
  2454300.95370              11.7583                   0.0656
  2454300.98938              11.7835                   0.0442
  2454301.02888              11.7598                   0.0357
  2454301.06452              11.8190                   0.0440
  2454301.10017              11.7792                   0.0445
  2454301.13583              11.7008                   0.0512
  2454301.17147              11.7585                   0.0606
  2454301.85214              11.9498                   0.1834
  2454301.88779              11.8621                   0.1072
  2454301.92344              11.7948                   0.0893
  2454301.95907              11.8252                   0.1669
  2454301.99600              11.7547                   0.0848
  2454302.04814              11.7761                   0.0312
  2454302.09209              11.7876                   0.0382
  2454302.13605              11.7436                   0.0398
  2454302.18004              11.6383                   0.0631
  2454303.81024              11.7388                   0.0496
  2454303.84588              11.8459                   0.0382
  2454303.87505              11.8208                   0.0518
  2454303.91816              11.8326                   0.0683
  2454303.95380              11.6892                   0.0443
  2454303.99071              11.6817                   0.0946
  2454304.10123              11.7460                   0.1267
  2454304.13688              12.0255                   0.2143
  2454304.17252              11.9843                   0.1161
  2454305.10996              11.8270                   0.0636
  2454305.14560              11.7577                   0.0502
  2454305.18128              11.9547                   0.1031
  2454307.09656              11.8885                   0.2426
  2454311.96601              11.5899                   0.0851
  2454312.00661              12.4971                   0.5753
  2454312.83521              11.7042                   0.1387
  2454312.87086              11.7416                   0.1871
  2454312.94209              11.7260                   0.2767
  2454313.01725              11.6752                   0.2822
  2454313.05290              11.7775                   0.1729
  2454313.08852              11.6510                   0.2640
  2454313.12414              11.6707                   0.1716
  2454313.15976              11.6270                   0.1037
  2454313.81690              11.7621                   0.0303
  2454313.85254              11.7994                   0.0444
  2454313.88816              11.7510                   0.0415
  2454313.92379              11.8617                   0.0808
  2454313.95946              11.8606                   0.0740
  2454313.99893              11.7208                   0.0795
  2454314.03456              11.8605                   0.0881
  2454314.07023              11.7554                   0.0528
  2454314.10588              11.8032                   0.0456
  2454314.14152              11.7938                   0.0488
  2454315.15032              11.8379                   0.0725
  2454315.80826              11.7733                   0.0403
  2454315.84392              11.8171                   0.0531
  2454315.87954              11.8165                   0.0576
  2454315.91516              11.7501                   0.0388
  2454315.95079              11.7570                   0.0389
  2454315.99029              11.7799                   0.0485
  2454316.02591              11.7373                   0.0947
  2454316.06155              11.9445                   0.1438
  2454318.80740              11.7948                   0.0669
  2454318.84304              11.8099                   0.1134
  2454318.87867              11.7665                   0.0502
  2454318.91431              11.8447                   0.0405
  2454318.95120              11.7641                   0.0588
  2454318.98943              11.8030                   0.0382
  2454319.02510              11.8022                   0.0453
  2454319.06076              11.7902                   0.0330
  2454319.09641              11.8033                   0.0512
  2454319.13202              11.8339                   0.0529
  2454319.97725              11.8110                   0.0368
  2454320.01289              11.7825                   0.0335
  2454320.06604              11.7687                   0.0389
  2454320.10882              11.8741                   0.0454
  2454320.15160              11.7421                   0.0539
  2454320.99400              11.7461                   0.0750
  2454321.89262              11.9686                   0.3277
  2454324.82418              11.7453                   0.0580
  2454324.85980              11.7683                   0.0615
  2454326.04636              11.9505                   0.1078
  2454326.08364              11.7060                   0.0789
  2454326.12046              11.7264                   0.0629
  2454326.81013              11.8127                   0.0570
  2454326.84696              11.7893                   0.0393
  2454326.88379              11.8267                   0.0426
  2454326.92062              11.7729                   0.0376
  2454326.96135              11.7591                   0.0425
  2454327.00172              11.7924                   0.0432
  2454327.04003              11.7367                   0.0456
  2454327.07830              11.7394                   0.0462
  2454327.11657              11.7846                   0.0695
  2454327.81360              11.7682                   0.0473
  2454327.85277              11.7918                   0.0537
  2454327.89016              11.8310                   0.0624
  2454327.92850              11.8091                   0.0387
  2454327.96815              11.7857                   0.0327
  2454328.00519              11.7902                   0.0420
  2454328.04222              11.7664                   0.0487
  2454328.07926              11.7350                   0.0471
  2454328.11632              11.6785                   0.0649
  2454329.84968              11.8123                   0.0407
  2454330.00169              11.8509                   0.1623
  2454331.12658              11.7268                   0.0596
  2454331.82036              11.7980                   0.0513
  2454331.86262              11.8835                   0.0505
  2454332.07599              11.7723                   0.0557
  2454332.85527              11.8181                   0.0477
  2454332.89982              11.7777                   0.0458
  2454332.94559              11.7933                   0.0421
  2454332.98758              11.8246                   0.0476
  2454333.02953              11.7681                   0.0403
  2454333.07149              11.8371                   0.0600
  2454333.11348              11.7140                   0.0606
  2454334.82120              11.7787                   0.0565
  2454334.85946              11.7830                   0.0665
  2454334.89772              11.7593                   0.0608
  2454334.93850              11.7839                   0.0851
  2454334.97677              11.4963                   0.1355
  2454335.01505              11.7437                   0.1172
  2454335.05551              11.8668                   0.1315
  2454335.09503              11.6281                   0.1152
  2454336.81579              12.0226                   0.2691
  2454336.84999              11.7682                   0.1204
  2454336.87707              11.6940                   0.1177
  2454336.91059              11.8362                   0.1375
  2454336.94697              12.0418                   0.2972
  2454336.97906              11.8765                   0.1240
  2454337.01215              11.8415                   0.1995
  2454337.04049              11.8587                   0.2441
  2454337.07604              12.0861                   0.4124
  2454337.84210              12.4288                   0.5082
  2454337.88407              11.9302                   0.2101
  2454337.93359              12.2063                   0.2566
  2454338.84596              11.8263                   0.0635
  2454338.88794              11.7435                   0.0532
  2454338.93248              11.7796                   0.0560
  2454338.97446              11.7773                   0.0638
  2454339.01641              11.8190                   0.0569
  2454339.06310              11.7285                   0.0601
  2454339.87089              11.7439                   0.0487
  2454339.91540              11.7978                   0.0542
  2454339.95738              11.8399                   0.0678
  2454339.99937              11.8158                   0.0691
  2454340.04134              11.7537                   0.0812
  2454340.08331              11.8132                   0.0952
  2454340.90501              11.7814                   0.0527
  2454340.94957              11.9510                   0.2548
  2454340.99155              12.0105                   0.1584
  2454341.03352              11.9722                   0.1695
  2454342.87457              11.7754                   0.0584
  2454342.91912              11.9234                   0.4032
  2454342.96108              11.8661                   0.1382
  2454343.00304              12.1237                   0.2972
  2454343.04501              11.8832                   0.2563
  2454343.08698              12.4220                   0.2815
  2454348.99524              11.8254                   0.0427
  2454349.04864              11.7332                   0.0464
  2454349.83639              11.8518                   0.0444
  2454349.88870              11.7808                   0.0405
  2454349.93191              11.7697                   0.0436
  2454349.97662              11.7808                   0.0362
  2454350.02247              11.7814                   0.0312
  2454350.06689              11.7139                   0.0459
  2454350.82351              11.8669                   0.0520
  2454350.86465              11.7282                   0.0394
  2454350.90734              11.8318                   0.0467
  2454350.94685              11.6888                   0.0473
  2454350.98636              11.8875                   0.0479
  2454351.02585              11.8032                   0.0613
  2454351.06535              11.9230                   0.1333
  2454351.84038              11.9772                   0.3076
  2454351.87740              11.7570                   0.0717
  2454351.91441              12.1164                   0.2442
  2454351.95145              11.7275                   0.0504
  2454351.98847              11.8599                   0.0410
  2454352.02552              11.7094                   0.0623
  2454352.06259              11.6889                   0.0587
  2454352.82624              11.8531                   0.0505
  2454352.86455              11.8032                   0.0562
  2454353.82485              11.9046                   0.0417
  2454353.86315              11.8035                   0.0365
  2454353.90834              11.8167                   0.0424
  2454353.95031              11.7598                   0.0347
  2454353.99229              11.7952                   0.0476
  2454354.03426              11.7962                   0.0499
  2454354.83732              11.7802                   0.0508
  2454354.87929              11.8128                   0.0540
  2454355.82746              11.7896                   0.0652
  2454355.86593              11.9758                   0.2252
  2454355.90296              11.9543                   0.0875
  2454355.94000              11.7373                   0.0482
  2454355.97702              11.7871                   0.0471
  2454356.01405              11.7632                   0.0666
  2454356.05204              11.6360                   0.0843
  2454357.84145              11.5885                   0.3030
  2454357.91914              11.8132                   0.0830
  2454357.95618              11.7568                   0.0384
  2454357.99320              11.9136                   0.0937
  2454358.03024              11.7822                   0.0483
  2454358.82906              11.8144                   0.0998
  2454358.86608              11.7422                   0.0980
  2454359.83496              12.0982                   0.1835
  2454359.95340              12.3904                   0.2833
  2454359.99548              16.7297                   33.4028
  2454360.03755              12.8599                   0.8804
  2454360.96998              11.8223                   0.0476
  2454361.02194              11.7562                   0.0512
  2454361.83056              11.6820                   0.0407
  2454361.87326              11.7819                   0.0406
  2454361.91534              11.8415                   0.0555
  2454361.95742              11.7523                   0.0567
  2454361.99950              12.1899                   0.2621
  2454362.82979              11.7901                   0.0756
  2454362.85825              11.7837                   0.0716
  2454362.88671              11.7561                   0.0593
  2454362.91517              11.7195                   0.0617
  2454362.94365              11.7913                   0.0691
  2454362.96963              11.7862                   0.0882
  2454362.99192              11.9218                   0.1672
  2454363.01049              11.5898                   0.1212
  2454363.02781              13.2456                   1.2700
  2454369.85184              11.8212                   0.0705
  2454369.88906              11.8358                   0.0530
  2454369.92625              11.7566                   0.0579
  2454369.96345              11.6535                   0.0516
  2454370.00069              11.8020                   0.0809
  2454370.84360              11.8412                   0.0738
  2454370.88082              11.8327                   0.0592
  2454370.91808              11.6774                   0.0451
  2454370.95528              11.8852                   0.0648
  2454370.99248              11.9183                   0.0922
  2454376.85309              11.8467                   0.1073
  2454376.89013              11.8850                   0.1026
  2454376.92716              11.8463                   0.0816
  2454376.96419              11.7376                   0.1960
