\STAR_ID                              = "MOA 2008-BLG-310L"
\DATA_CATEGORY                        = "Photometric light curve"
\RA                                   = "17h54m14.53s"
\RA_UNITS                             = "sexagesimal"
\DEC                                  = "-34d46m40.99s"
\DEC_UNITS                            = "sexagesimal"
\EQUINOX                              = "J2000.0"
\NUMBER_OF_POINTS                     = "286"
\TIME_REFERENCE_FRAME                 = "Heliocentric JD"
\MINIMUM_DATE                         = "2454656.45673"
\MAXIMUM_DATE                         = "2454672.64731"
\DATE_UNITS                           = "days"
\REFERENCES                           = "Janczak et al. 2010"
\BIBCODES                             = "2010ApJ...711..731J"
\TELESCOPE                            = "SMARTS Telescope (1.3 m)"
\INSTRUMENT                           = "unknown"
\TIME_SERIES_DATA_FILTER              = "H"
\OBSERVATORY_SITE                     = "CTIO, Chile"
\COLUMN_JD                            = "Heliocentric Julian Day"
\COMMENT                              = ""
|              JD| RELATIVE_MAGNITUDE| MAGNITUDE_UNCERTAINTY| RELATIVE_FLUX| FLUX_UNCERTAINTY|
|            real|               real|                  real|          real|             real|
|            days|                mag|                   mag|              |                 |
  2454656.45673             15.788                 0.018
  2454656.45750             15.832                 0.016
  2454656.45827             15.875                 0.016
  2454656.45904             15.887                 0.019
  2454656.45981             15.883                 0.017
  2454656.46083             15.862                 0.018
  2454656.46159             15.891                 0.019
  2454656.46236             15.956                 0.020
  2454656.46313             15.961                 0.025
  2454656.46390             15.970                 0.024
  2454656.46492             15.932                 0.020
  2454656.46569             15.958                 0.020
  2454656.46646             16.023                 0.022
  2454656.46723             16.021                 0.019
  2454656.46800             16.037                 0.020
  2454656.46901             15.994                 0.021
  2454656.46977             16.062                 0.027
  2454656.47055             16.073                 0.022
  2454656.47132             16.072                 0.020
  2454656.47208             16.074                 0.019
  2454656.47310             16.033                 0.017
  2454656.47387             16.087                 0.020
  2454656.47464             16.138                 0.022
  2454656.47541             16.119                 0.020
  2454656.47619             16.158                 0.021
  2454656.47720             16.117                 0.024
  2454656.47797             16.151                 0.020
  2454656.47873             16.200                 0.024
  2454656.47950             16.191                 0.027
  2454656.48027             16.210                 0.025
  2454656.48129             16.171                 0.025
  2454656.48206             16.227                 0.028
  2454656.48283             16.249                 0.030
  2454656.48360             16.248                 0.026
  2454656.48437             16.254                 0.027
  2454656.48538             16.235                 0.029
  2454656.48615             16.290                 0.030
  2454656.48692             16.311                 0.029
  2454656.48769             16.291                 0.022
  2454656.48846             16.319                 0.024
  2454656.48947             16.282                 0.026
  2454656.49024             16.334                 0.036
  2454656.49101             16.351                 0.028
  2454656.49178             16.363                 0.026
  2454656.49255             16.370                 0.026
  2454656.49363             16.325                 0.029
  2454656.49440             16.369                 0.028
  2454656.49517             16.414                 0.037
  2454656.49594             16.411                 0.036
  2454656.49671             16.411                 0.026
  2454656.49784             16.361                 0.022
  2454656.49861             16.375                 0.024
  2454656.49938             16.445                 0.026
  2454656.50015             16.397                 0.024
  2454656.50092             16.459                 0.027
  2454656.50193             16.399                 0.027
  2454656.50270             16.442                 0.030
  2454656.50347             16.459                 0.024
  2454656.50424             16.425                 0.021
  2454656.50500             16.530                 0.029
  2454656.50602             16.479                 0.030
  2454656.50679             16.456                 0.029
  2454656.50756             16.507                 0.026
  2454656.50833             16.480                 0.024
  2454656.50909             16.528                 0.027
  2454656.51012             16.476                 0.028
  2454656.51088             16.516                 0.030
  2454656.51165             16.535                 0.028
  2454656.51242             16.506                 0.027
  2454656.51319             16.582                 0.027
  2454656.51420             16.517                 0.026
  2454656.51497             16.476                 0.020
  2454656.51574             16.533                 0.018
  2454656.51651             16.511                 0.020
  2454656.51728             16.606                 0.025
  2454656.51830             16.561                 0.029
  2454656.51907             16.538                 0.034
  2454656.51983             16.579                 0.028
  2454656.52060             16.579                 0.027
  2454656.52137             16.659                 0.028
  2454656.52239             16.580                 0.027
  2454656.52316             16.559                 0.025
  2454656.52393             16.628                 0.029
  2454656.52470             16.587                 0.022
  2454656.52546             16.671                 0.029
  2454656.52648             16.596                 0.022
  2454656.52725             16.611                 0.026
  2454656.52802             16.642                 0.024
  2454656.52878             16.633                 0.025
  2454656.52955             16.699                 0.027
  2454656.53057             16.654                 0.028
  2454656.53134             16.656                 0.027
  2454656.53211             16.703                 0.028
  2454656.53288             16.686                 0.033
  2454656.53364             16.738                 0.030
  2454656.53473             16.682                 0.029
  2454656.53549             16.711                 0.035
  2454656.53626             16.732                 0.028
  2454656.53704             16.704                 0.028
  2454656.53780             16.775                 0.027
  2454656.53899             16.730                 0.029
  2454656.53975             16.681                 0.027
  2454656.54052             16.748                 0.028
  2454656.54129             16.712                 0.024
  2454656.54206             16.793                 0.029
  2454656.54308             16.735                 0.029
  2454656.54384             16.731                 0.029
  2454656.54461             16.747                 0.029
  2454656.54539             16.753                 0.026
  2454656.54615             16.828                 0.028
  2454656.54717             16.760                 0.030
  2454656.54794             16.745                 0.028
  2454656.54871             16.787                 0.030
  2454656.54948             16.763                 0.029
  2454656.55025             16.862                 0.031
  2454656.55126             16.806                 0.033
  2454656.55203             16.745                 0.032
  2454656.55280             16.811                 0.028
  2454656.55357             16.789                 0.028
  2454656.55433             16.872                 0.029
  2454656.55535             16.820                 0.033
  2454656.55612             16.824                 0.031
  2454656.55689             16.839                 0.033
  2454656.55766             16.800                 0.026
  2454656.55843             16.915                 0.033
  2454656.55945             16.835                 0.041
  2454656.56021             16.869                 0.040
  2454656.56098             16.843                 0.025
  2454656.56175             16.835                 0.026
  2454656.56252             16.898                 0.033
  2454656.56354             16.847                 0.036
  2454656.56431             16.872                 0.036
  2454656.56507             16.891                 0.031
  2454656.56584             16.870                 0.030
  2454656.56661             16.974                 0.036
  2454656.56763             16.892                 0.038
  2454656.56840             16.854                 0.031
  2454656.56917             16.904                 0.033
  2454656.56994             16.874                 0.028
  2454656.57071             16.932                 0.029
  2454656.57173             16.906                 0.038
  2454656.57249             16.870                 0.027
  2454656.57326             16.924                 0.036
  2454656.57403             16.918                 0.033
  2454656.57480             16.996                 0.035
  2454656.57588             16.928                 0.031
  2454656.57665             16.893                 0.030
  2454656.57742             16.959                 0.031
  2454656.57819             16.929                 0.029
  2454656.57896             16.993                 0.030
  2454656.58009             16.947                 0.038
  2454656.58086             16.916                 0.033
  2454656.58163             16.951                 0.028
  2454656.58240             16.953                 0.030
  2454656.58317             17.027                 0.033
  2454656.58419             16.940                 0.029
  2454656.58496             16.934                 0.033
  2454656.58573             16.977                 0.035
  2454656.58649             16.974                 0.035
  2454656.58726             17.024                 0.030
  2454656.58828             16.987                 0.036
  2454656.58905             16.969                 0.031
  2454656.58982             16.994                 0.030
  2454656.59058             16.971                 0.029
  2454656.59135             17.091                 0.038
  2454656.59237             17.014                 0.036
  2454656.59314             16.964                 0.030
  2454656.59391             16.998                 0.029
  2454656.59468             17.014                 0.033
  2454656.59545             17.058                 0.036
  2454656.59646             17.049                 0.038
  2454656.59723             17.046                 0.038
  2454656.59800             17.021                 0.031
  2454656.59877             17.003                 0.028
  2454656.59954             17.046                 0.030
  2454656.60056             17.019                 0.030
  2454656.60133             17.044                 0.033
  2454656.60210             17.065                 0.031
  2454656.60287             17.032                 0.029
  2454656.60364             17.085                 0.031
  2454656.60466             17.058                 0.033
  2454656.60542             17.089                 0.038
  2454656.60619             17.090                 0.038
  2454656.60696             17.049                 0.029
  2454656.60773             17.151                 0.044
  2454656.60875             17.087                 0.033
  2454656.60952             17.111                 0.040
  2454656.61029             17.100                 0.033
  2454656.61106             17.090                 0.036
  2454656.61183             17.178                 0.042
  2454656.61284             17.102                 0.038
  2454656.61361             17.091                 0.036
  2454656.61438             17.124                 0.036
  2454656.61515             17.092                 0.033
  2454656.61592             17.178                 0.038
  2454656.61700             17.123                 0.038
  2454656.61776             17.137                 0.038
  2454656.61853             17.138                 0.036
  2454656.61930             17.091                 0.030
  2454656.62007             17.185                 0.033
  2454656.63642             17.165                 0.034
  2454656.63719             17.200                 0.037
  2454656.63796             17.232                 0.037
  2454656.63873             17.229                 0.040
  2454656.63950             17.268                 0.035
  2454656.65856             17.232                 0.038
  2454656.65933             17.211                 0.035
  2454656.66010             17.251                 0.037
  2454656.66087             17.278                 0.037
  2454656.66164             17.274                 0.040
  2454656.67473             17.341                 0.041
  2454656.67550             17.349                 0.046
  2454656.67627             17.405                 0.046
  2454656.67704             17.351                 0.044
  2454656.67781             17.421                 0.047
  2454656.69591             17.426                 0.058
  2454656.69668             17.417                 0.049
  2454656.69745             17.479                 0.051
  2454656.69822             17.459                 0.051
  2454656.69899             17.452                 0.043
  2454656.71450             17.442                 0.048
  2454656.71527             17.502                 0.046
  2454656.71603             17.527                 0.052
  2454656.71680             17.553                 0.052
  2454656.71757             17.464                 0.043
  2454656.73582             17.405                 0.054
  2454656.73659             17.536                 0.057
  2454656.73736             17.674                 0.069
  2454656.73813             17.493                 0.050
  2454656.73890             17.502                 0.050
  2454656.75640             17.583                 0.061
  2454656.75717             17.530                 0.059
  2454656.75793             17.576                 0.067
  2454656.75871             17.597                 0.068
  2454656.75947             17.538                 0.065
  2454656.77989             17.534                 0.079
  2454656.78066             17.640                 0.085
  2454656.78143             17.745                 0.104
  2454656.78220             17.660                 0.087
  2454656.78297             17.563                 0.083
  2454656.80138             17.624                 0.090
  2454656.80215             17.613                 0.096
  2454656.80292             17.763                 0.115
  2454656.80369             17.734                 0.109
  2454656.80445             17.550                 0.097
  2454657.56073             18.285                 0.130
  2454657.56151             18.326                 0.109
  2454657.56228             18.391                 0.123
  2454657.56305             18.227                 0.097
  2454657.56381             18.703                 0.156
  2454657.56492             18.303                 0.114
  2454657.56569             18.401                 0.112
  2454657.56646             18.142                 0.104
  2454657.56724             18.393                 0.126
  2454657.56800             18.506                 0.126
  2454657.68006             18.242                 0.081
  2454657.68083             18.328                 0.090
  2454657.68159             18.426                 0.104
  2454657.68236             18.402                 0.101
  2454657.68313             18.640                 0.126
  2454657.68423             18.381                 0.101
  2454657.68500             18.317                 0.097
  2454657.68577             18.504                 0.148
  2454657.68654             18.611                 0.130
  2454657.68731             18.475                 0.108
  2454658.63126             18.447                 0.079
  2454672.59310             19.268                 0.207
  2454672.59386             19.007                 0.156
  2454672.59464             18.945                 0.137
  2454672.59541             18.962                 0.156
  2454672.59617             18.912                 0.150
  2454672.59778             18.971                 0.175
  2454672.59855             18.916                 0.158
  2454672.59932             19.105                 0.178
  2454672.60009             19.371                 0.286
  2454672.60086             19.041                 0.192
  2454672.63980             18.986                 0.166
  2454672.64057             18.820                 0.137
  2454672.64134             18.943                 0.153
  2454672.64212             19.422                 0.284
  2454672.64289             18.716                 0.123
  2454672.64423             19.217                 0.203
  2454672.64500             19.176                 0.181
  2454672.64577             19.033                 0.172
  2454672.64654             19.149                 0.181
  2454672.64731             19.166                 0.206
