2187.1295  2452848.051810154 0.1293282321526703 61.30382325394645 0.0008297522836528659 -0.010789629612927613 5.77004473634728e-05 1.1082299033495076 0.008693722580108728 224.98061743602872
2981.0263  2452847.9178676414 0.132714372252883 60.94442992147547 0.0010541034425636628 0.006608399583843773 -0.012938500952116114 1.0981369662241038 0.0036762740417524455 224.0779181058833
2110.9796  2452848.190548808 0.12170131756563995 60.919345812132285 0.000862316699647843 0.008710491479113099 0.019612733188010125 1.1032460171219123 0.001081906452607087 224.5627092350289
3343.9642  2452848.0620209984 0.15537163876614285 61.2435277664883 0.0014253438016393941 0.018153487973802583 -0.011498592526977377 1.1070156847412886 0.005530125867129991 225.50891820995236
1891.7069  2452847.9785574065 0.12843265123629216 61.348381339261074 0.0011975168123170223 -0.006604445174814087 -0.00719184549729125 1.104337277078085 0.003644861234898632 223.46355003691755
2194.0336  2452848.1531239804 0.1362082393417297 62.19451452014221 0.0012294447664013193 0.00785051019311377 -0.0025447049370603413 1.0963955485789203 0.006877593417733646 224.61601553887667
2880.5471  2452848.0485023195 0.10846037293514976 61.538342216970555 0.0006864357058823093 -0.008512112329274554 0.008304755820595809 1.1013911403356669 0.002120367627317886 225.6673694954484
2418.8177  2452848.1128746425 0.13552345401636454 61.563410710114546 0.0008552852345324263 0.00038088612195573575 -0.013740048832127122 1.10660297962248 0.007084423222513813 224.23879441231958
2012.0836  2452848.0051041753 0.12709449177101764 61.484260743935224 0.0010729506998868868 -0.01117359415609888 -0.004480602910279657 1.1091133840974021 0.001993270205107392 224.88029863293374
2089.4746  2452848.0151857515 0.13026827825191203 61.764808654997736 0.0010465624444965858 0.006673532081757102 -0.000587193734828221 1.1012211241373129 0.0019841294714802063 223.1043088045145
1999.1701  2452847.9513972555 0.1315104031254915 61.919406677283085 0.0011190770564856235 -0.0004124392864854624 -0.003651630587605078 1.1011422716157464 0.0022314027644310284 222.07623903363074
2957.8526  2452847.9984278763 0.1330294927758705 61.601786816413544 0.0009768649517093535 -0.019472680216128736 -0.008834380858675666 1.1015258598693065 0.005401838072461097 224.7541068417022
2020.9540  2452847.8484176043 0.1443883495003087 60.79688456975823 0.0011212105465262887 0.0037522624787335026 0.014079909542974603 1.0909481457196588 0.0013867284174940181 223.33350380112472
3355.6980  2452847.9293152243 0.134129795772598 62.08058033027065 0.0009138275608311602 -0.004531381451706178 -0.00308221245536221 1.0984545288382779 0.0037736765412839587 224.03353456220324
2717.3417  2452847.867944247 0.1177365411931291 62.5600986591784 0.0011137474535750074 0.006286551151517474 -0.02459839622378423 1.1027541678204051 0.005769835306602127 223.972648089731
1911.3989  2452847.966863214 0.1348490144721775 61.63269751922273 0.0009497131651214846 -0.0019668750826665475 0.0042479712382503055 1.098507322082629 0.0018962812759962728 224.09129532312693
3012.9538  2452848.0727967466 0.11610962653422685 61.74205867538918 0.0012103108574072487 0.01065459888742886 -0.014039245336504434 1.0930025948884141 0.0016694004184452354 225.88061824743156
2519.9615  2452848.04553774 0.12662510705299887 61.717794191866915 0.0011848143832933582 -0.0001658508133021133 -0.0034313105885123802 1.0939655762748213 0.004956561161297669 223.54326108756706
1956.2837  2452848.1585131614 0.12990788648926363 62.32181479858103 0.0010770544261545208 -0.029814993641205764 -0.00719235336136303 1.099582832059804 0.00228605219973852 224.27840113216033
1958.0217  2452848.0595218334 0.12425199866544225 61.431229911179166 0.0010213349580481877 -0.00035224846866680496 0.011239351060302279 1.093778590271236 0.0014210654416196766 225.44678373889494
2187.1295  2452848.051810154 0.1293282321526703 61.30382325394645 0.0008297522836528659 -0.010789629612927613 5.77004473634728e-05 1.1082299033495076 0.008693722580108728 224.98061743602872
2981.0263  2452847.9178676414 0.132714372252883 60.94442992147547 0.0010541034425636628 0.006608399583843773 -0.012938500952116114 1.0981369662241038 0.0036762740417524455 224.0779181058833
2110.9796  2452848.190548808 0.12170131756563995 60.919345812132285 0.000862316699647843 0.008710491479113099 0.019612733188010125 1.1032460171219123 0.001081906452607087 224.5627092350289
3343.9642  2452848.0620209984 0.15537163876614285 61.2435277664883 0.0014253438016393941 0.018153487973802583 -0.011498592526977377 1.1070156847412886 0.005530125867129991 225.50891820995236
1891.7069  2452847.9785574065 0.12843265123629216 61.348381339261074 0.0011975168123170223 -0.006604445174814087 -0.00719184549729125 1.104337277078085 0.003644861234898632 223.46355003691755
2194.0336  2452848.1531239804 0.1362082393417297 62.19451452014221 0.0012294447664013193 0.00785051019311377 -0.0025447049370603413 1.0963955485789203 0.006877593417733646 224.61601553887667
2880.5471  2452848.0485023195 0.10846037293514976 61.538342216970555 0.0006864357058823093 -0.008512112329274554 0.008304755820595809 1.1013911403356669 0.002120367627317886 225.6673694954484
2418.8177  2452848.1128746425 0.13552345401636454 61.563410710114546 0.0008552852345324263 0.00038088612195573575 -0.013740048832127122 1.10660297962248 0.007084423222513813 224.23879441231958
2012.0836  2452848.0051041753 0.12709449177101764 61.484260743935224 0.0010729506998868868 -0.01117359415609888 -0.004480602910279657 1.1091133840974021 0.001993270205107392 224.88029863293374
2089.4746  2452848.0151857515 0.13026827825191203 61.764808654997736 0.0010465624444965858 0.006673532081757102 -0.000587193734828221 1.1012211241373129 0.0019841294714802063 223.1043088045145
1999.1701  2452847.9513972555 0.1315104031254915 61.919406677283085 0.0011190770564856235 -0.0004124392864854624 -0.003651630587605078 1.1011422716157464 0.0022314027644310284 222.07623903363074
2957.8526  2452847.9984278763 0.1330294927758705 61.601786816413544 0.0009768649517093535 -0.019472680216128736 -0.008834380858675666 1.1015258598693065 0.005401838072461097 224.7541068417022
2020.9540  2452847.8484176043 0.1443883495003087 60.79688456975823 0.0011212105465262887 0.0037522624787335026 0.014079909542974603 1.0909481457196588 0.0013867284174940181 223.33350380112472
3355.6980  2452847.9293152243 0.134129795772598 62.08058033027065 0.0009138275608311602 -0.004531381451706178 -0.00308221245536221 1.0984545288382779 0.0037736765412839587 224.03353456220324
2717.3417  2452847.867944247 0.1177365411931291 62.5600986591784 0.0011137474535750074 0.006286551151517474 -0.02459839622378423 1.1027541678204051 0.005769835306602127 223.972648089731
1911.3989  2452847.966863214 0.1348490144721775 61.63269751922273 0.0009497131651214846 -0.0019668750826665475 0.0042479712382503055 1.098507322082629 0.0018962812759962728 224.09129532312693
3012.9538  2452848.0727967466 0.11610962653422685 61.74205867538918 0.0012103108574072487 0.01065459888742886 -0.014039245336504434 1.0930025948884141 0.0016694004184452354 225.88061824743156
2519.9615  2452848.04553774 0.12662510705299887 61.717794191866915 0.0011848143832933582 -0.0001658508133021133 -0.0034313105885123802 1.0939655762748213 0.004956561161297669 223.54326108756706
1956.2837  2452848.1585131614 0.12990788648926363 62.32181479858103 0.0010770544261545208 -0.029814993641205764 -0.00719235336136303 1.099582832059804 0.00228605219973852 224.27840113216033
1958.0217  2452848.0595218334 0.12425199866544225 61.431229911179166 0.0010213349580481877 -0.00035224846866680496 0.011239351060302279 1.093778590271236 0.0014210654416196766 225.44678373889494
2144.4934  2452848.0496015614 0.13071933533314678 61.25770411656059 0.0007897029579078973 -0.013046383111049067 0.0015412386268807993 1.1098323989410825 0.009432950088806586 224.88590290808887
2174.1458  2452847.8876740076 0.13139889410087105 60.5202834395074 0.0011184341898975347 0.01189293221855575 -0.023529703764576124 1.0979087335788598 0.0047731986565318855 224.0696743651479
2199.8019  2452848.087137375 0.14556871334476693 61.401516453084604 0.00114379454715513 0.009375683217656909 -0.012605637290599964 1.1068118516174184 0.006297786046111326 224.88161001925002
2531.4801  2452848.1479494455 0.1422576549836719 62.072284493722336 0.0013757655407384325 0.04401583194454234 0.0019178319612055614 1.0933352116428685 0.01128625780767967 224.94018307691152
1632.0111  2452848.0516055636 0.12196202645684438 61.688260015062404 0.0010586281587383881 -0.015603284897271662 -0.0099889855898863 1.1145044574690506 0.00217327947401965 225.33935588590026
2825.3720  2452848.026329358 0.12297404813355889 61.689060971345405 0.0009261085418833226 0.00159429208962413 0.0023869537275691575 1.1012779905468386 0.0020296979222390356 223.96159217104704
1607.1935  2452847.9813169586 0.1244083012837355 61.801994310224785 0.0009857729823665759 -0.00290808473075553 3.233308746249976e-05 1.1012189522525833 0.00219719097185293 223.18272670658607
2454.2570  2452847.9104805957 0.13821519637375645 61.91418812603049 0.0010293017539147486 -0.03237410274425701 -0.021856628389605916 1.1007384227500685 0.007379375012697233 224.8417230057474
3353.7921  2452847.9555852558 0.13083048306124034 62.018600401877855 0.000968110686375609 -0.0017509803741930577 -0.005088335560273971 1.0974563342739356 0.003388404634652532 224.37171710649582
2564.7967  2452848.052363752 0.12864251811520078 61.26362522389441 0.0009194356161487012 -0.006287346572595855 0.02487004336399696 1.0941970215055616 0.0012871585741568161 225.21285205203378
2061.0726  2452848.1856615967 0.12179645612307004 60.938438718242146 0.0008682479655008837 0.00837245784368034 0.01930041209992791 1.1028928889581375 0.001094556837226554 224.59568457364142
2636.2944  2452847.9286316093 0.12055337507125832 61.323949457932336 0.001222218669764912 -0.013952215272747297 -0.004702547759605245 1.1031994511258363 0.0024250286327351933 222.8115165563751
2238.6928  2452848.0717397653 0.11462343266485059 61.68408420081055 0.0008070430788857269 -0.004877821372903447 0.00589498947298849 1.1002815728492554 0.003176991811116501 225.43385398342792
2819.1782  2452848.1541738333 0.1446647042952814 61.47925447076082 0.0007182193869691562 0.011155217006110617 -0.016268500041181248 1.1012768894117109 0.010394841241832683 223.49694715227415
2437.0568  2452847.9238544824 0.12135796609689727 62.488424929190096 0.001136430215419511 0.00659316942646689 -0.020274712163810157 1.1015075438289645 0.005987014191766336 224.09878196675012
1909.0638  2452847.975551628 0.1335277448852135 61.63839419837238 0.0009608799380291006 -0.003364980950537144 0.0027882928366288334 1.1001474670443125 0.0019246811855994062 224.2192557481944
2293.3206  2452848.0357439606 0.12780066147994093 61.73296450839781 0.0011402041605472098 0.0020410360994614664 -0.0025135897416067097 1.096306748551377 0.003997436530319526 223.4016228632331
1928.9472  2452848.1473832903 0.12996915799459377 62.24778262234628 0.0010787548872353374 -0.02810104705788139 -0.007863720861111437 1.099514036613557 0.002388259060520368 224.26982370900166
2191.7307  2452847.8937272015 0.13134822941106236 60.65383426600599 0.0011050352705488846 0.01067679714887512 -0.021885952791115305 1.0978684094668079 0.004649766571868239 224.09659661107983
2973.5573  2452848.167821883 0.15460807256054898 61.02304201130103 0.001251546257872839 0.01619996992949605 -0.017216203781054956 1.1125498459552965 0.00808218913711814 225.19434127064852
1892.2734  2452847.9864417976 0.1285044081239431 61.390384562790516 0.0011919704741253745 -0.007608364772216186 -0.007223222960967593 1.1041120254010217 0.003586176259670518 223.5012040784576
2172.0314  2452848.2093726834 0.13574299389552238 62.25949876057734 0.001275841188279649 0.017175232992816807 0.0019321145964041851 1.095388799356423 0.006761272241783155 224.5636928585896
2374.1926  2452848.0349284704 0.11975971634827982 61.79009794565381 0.0008580880811560691 -0.0038868734823525974 0.0024141911920926434 1.0993862077802703 0.0032439920492497586 225.09724515102928
2023.2038  2452848.0596258417 0.11974705451158468 61.70862132407956 0.001116035876354265 -0.005665400150156062 -0.011521897186563615 1.1063665955633937 0.0019825751498691387 225.54420876022002
2675.3069  2452848.0344810938 0.1255261968199724 61.757189126102624 0.0011014058239267983 0.00800688947728556 -0.005092617372173801 1.098468536127794 0.0018787189544162918 224.03416326531254
2171.8697  2452848.0017111404 0.12255822397042866 61.7886324709414 0.0010358306652050882 0.0001155321751904418 -0.0031047350337023508 1.0993872264871687 0.00207952720522621 223.78418514231717
2402.9014  2452847.756217971 0.12107719856167923 63.480889482758585 0.001308148760436568 0.0054538814301050755 -0.04561487826167953 1.1006204998504752 0.009119681095465165 223.7806125401887
1956.2724  2452848.061001633 0.12408853303551351 61.427579073833854 0.0010224003513540879 -0.00029915535882018554 0.011388283288865472 1.0936663521365368 0.0014121902672799345 225.46841635275703
2345.9310  2452847.9949786235 0.1290018347772027 60.91520813744952 0.000623500842345664 -0.023378622417410837 0.001407605003770049 1.114770411747581 0.010346349781598672 224.99606086016195
2062.4237  2452848.2027108977 0.12094918860895662 60.85579340399867 0.0008504147221854024 0.00854236752604577 0.02128937292807323 1.1030600822729146 0.0010055906168568583 224.74483716694425
2218.9368  2452848.164406163 0.13987729111871344 61.46995683186755 0.0008041728106559177 0.0016691854077624368 -0.01913473020372943 1.1087119185356007 0.008998766067147902 224.65245915183482
2671.2338  2452847.9337764625 0.13644708527843946 61.880952663415165 0.0010331420877476454 -0.023686388170731466 -0.017124388441032732 1.1008458190596095 0.006178985961605389 224.45516543974995
2086.9069  2452847.8300264915 0.13973846109867472 61.33226454081781 0.001158499217299002 0.004091685368955177 0.002172556612112256 1.0928774956435552 0.0029292248417309187 223.42268883302282
2627.7210  2452847.929240306 0.1328164582735176 62.55496363952877 0.0007769818528337058 0.0032499850017418 -0.003265594000749262 1.091773784074446 0.003219549565247983 225.11495081230976
2874.4690  2452847.979169229 0.13185904466688905 61.5560079772787 0.0010376458102695756 -0.00477458891555828 -0.0005374285695113334 1.1014644520902699 0.002476612565996503 223.98072645282718
2551.4102  2452847.9575254545 0.11791839734160137 62.37519421644468 0.0012459351708296205 0.008760936176103348 -0.02553642801323365 1.095776393442835 0.004382164344336642 225.11597326642487
2679.1364  2452848.041695315 0.12708631612251944 61.72374601120526 0.0011673123103545682 0.0006999842652322926 -0.0030712582011618206 1.094884095964349 0.0045802646934613 223.48769170502172
2153.1760  2452848.2127279 0.13056386795483735 62.59589882711837 0.0010327876961623548 -0.03642137704157902 -0.008123772415552896 1.0976471856352539 0.0019018870838734593 224.58189456770754
2633.0142  2452847.9245958272 0.1292734562924242 60.78334335162095 0.0011049642542585347 0.005700040503661897 -0.02047996783019263 1.1016465394213613 0.004187626543213595 224.35564098147546
3198.1364  2452847.77073347 0.13604003741947732 61.92358955959234 0.0015326405930109516 -0.023717219215121335 -0.035661887442785666 1.1051612409053067 0.006160070602653939 222.2607956540688
2021.0879  2452848.221839534 0.1115532524598138 60.829309469726304 0.0005686574961541213 -0.009792810533837687 0.030399221391402574 1.1001203387749596 0.00034994055187310795 226.22033264322462
1989.4127  2452847.9979494535 0.1272860548245973 61.783732949884964 0.0010156258454139463 0.0017973146008683155 -0.000271907955836471 1.101220018835098 0.002092559419468225 223.14421676079976
2465.3662  2452847.9740957166 0.1408632400763973 61.72957211162287 0.0010705312664504752 -0.01733976499282617 -0.018525293353665533 1.1029254993732713 0.0069898886127739476 224.85608654843577
2503.8172  2452847.86719866 0.1357383137667185 63.03380334846138 0.0005653937166466672 0.003954234822159291 -0.0037036595496367257 1.0891331932167048 0.002766406546197778 226.11301689945174
1909.1690  2452847.9792522993 0.13322340575959807 61.65019762191458 0.0009688801853187744 -0.0024276765929732783 0.0024731208323542195 1.100247715305042 0.0019302319217718374 224.115152219574
1966.2836  2452848.135226282 0.13195109520396664 62.55364122440339 0.0011289275486001784 -0.036152620598475085 -0.014269463372957043 1.0987348721244172 0.002692069630108991 224.16545009009022
2063.9099  2452848.05866759 0.12356029533592662 61.49233387031649 0.0010313995681097382 -0.004100798044840422 0.006078034334437333 1.098842669451993 0.0016012496455961838 225.4363569155543
2179.9841  2452848.0520823053 0.12927642148306834 61.29467022075564 0.0008403397099643578 -0.010272487789157089 0.0036840316837919093 1.1063145421587108 0.007687570734220122 225.01266233770852
2217.1715  2452848.0531781726 0.12590915675649073 60.69654310375388 0.0009776305584402937 0.010132718006636905 1.5931971346028195e-05 1.1006149870059596 0.0027938913382160417 224.42437014575395
2204.2609  2452848.1294854237 0.1485771063284406 61.58861095086158 0.0011491788022062362 0.008841246320324864 -0.010286349770566722 1.1087020717662432 0.00662147105061722 225.0539920011901
2580.8694  2452848.1431985507 0.1305450537416345 61.88845896761943 0.0011628054744260165 0.009381579904214359 0.00614960689732599 1.0946205804165043 0.004375558452386383 224.9672034658143
2223.7955  2452848.291839116 0.1506439502122647 61.23885354885476 0.0006777762481785193 0.004855037081740568 -0.032475306316473294 1.113927140371632 0.01373276881273403 225.6754159425196
1669.5023  2452848.039348968 0.12382591861567697 61.68022380829341 0.001042875385294329 -0.013631001125623156 -0.007929842509592527 1.1121907333331191 0.0021332162126359785 225.1588443269593
2085.8716  2452848.016658141 0.1302138544402294 61.752182863440005 0.0010513498057780966 0.0067005875773868545 -0.0005561866329252489 1.10134139232831 0.001976346249582867 223.07437383200406
2352.1634  2452847.737463982 0.12047217948508493 63.65118161544878 0.0013176126215158938 0.0065179295183304 -0.04874225519163425 1.1003360808440115 0.009570439345655438 223.80337310027417
2332.6307  2452847.929379208 0.11859620813487448 62.539812208013124 0.0013180570355261316 0.010736685355299069 -0.031492896813132505 1.0953138159074947 0.004811547313331512 224.99837237608395
2062.9767  2452847.960197581 0.13449026887457724 61.35545516099478 0.0011325442732471106 0.0027311523246170634 0.004178361263302911 1.0941456909595073 0.002944570556752265 223.37415129630728
1850.9180  2452848.146340793 0.12132702950819486 61.16634650345688 0.0009280891024079923 -0.00046520959337795556 0.00962092754585501 1.1073294261015894 0.0014411989511435035 224.96662339645056
2170.5741  2452848.217713621 0.13600525669993146 62.31179799021638 0.0013012202967609917 0.018752968759442247 0.0019525204871848755 1.0946347634509568 0.006621795858995984 224.54687170919397
2399.5288  2452848.514100749 0.16714518710459858 60.82424126713727 0.00037604365527014853 0.0033643996287772396 -0.05825614264588182 1.1240925557591779 0.023228344158321847 227.77625837181955
2392.8227  2452847.7169210943 0.1469649374907443 64.13031856832143 0.00016344525516788706 0.01989212214452179 0.0014184019208820543 1.0684575473944984 0.003249759884444741 226.74349163431484
2159.0628  2452847.7832937944 0.12195068685077536 63.23503246868325 0.001294485436184121 0.003917676077156849 -0.04109976918564511 1.1010311260289767 0.008468904834043755 223.7477522826249
1915.4271  2452847.969261114 0.1340348682615318 61.62098116285602 0.0009470353690701644 -0.004905311019133791 0.0033000972395760384 1.099964761118711 0.0019167749007900664 224.39445658614093
2338.3422  2452847.928968441 0.11855024130663197 62.545647480730416 0.0013206850119897064 0.010844599455587904 -0.03174222434299675 1.0952671132168854 0.004832223800413799 225.01273200014734
1894.6095  2452848.1716791485 0.13200032053277183 62.38971626660088 0.0010838604180669908 -0.03127134421011536 -0.007324606687646519 1.0957114287595888 0.0024427927572024635 223.99851635244696
2344.5979  2452848.0859661633 0.12260998565423138 61.44003274288018 0.0009656239580126863 0.0021481540013869715 0.017619889318553426 1.0901688748434404 0.0006842844203923497 226.12708909560988
2142.6810  2452848.0571313654 0.13147863482173183 61.177402722190216 0.0007566109203200605 -0.014535971682391869 0.003610242913912126 1.1107417313676164 0.009722399230647138 224.87885868524657
2636.1414  2452847.777436806 0.13604831883045793 59.943239060772974 0.0011795121722036272 0.01964715844360037 -0.04573771114782365 1.100606908540935 0.006910816125987571 223.1800677466295
2562.5433  2452848.125928655 0.13934297073160615 61.85494360356383 0.0011162942774756704 -0.009274862522121619 -0.010182480935843827 1.1017185162041778 0.004528954886462747 224.4764099377807
1892.0478  2452847.9953741794 0.12867298549363013 61.43857361628275 0.001186757268885731 -0.008749423919615109 -0.007228111813997618 1.1037069378816553 0.00353104084411982 223.52518511266499
1728.7010  2452848.018882373 0.11922632891765485 61.497094850277605 0.0010517517084938208 -0.011333329167561478 -0.010715098488272618 1.119626049046815 0.0020998300592082004 225.70476970864456
2088.8833  2452848.001398711 0.13125954465450845 61.82111674629337 0.0010658535810077233 0.007543768807610759 -0.0017537019196267288 1.1006367955384126 0.0020393156787609666 222.8517176114024
2701.3498  2452848.0720084184 0.1320707151874476 61.637522769557975 0.0008958191007313414 -0.0006407784150502483 -0.009461885592781938 1.1049305203407085 0.005566285148868042 223.9107444015584
2496.0089  2452847.94402393 0.13581341160242164 61.8078323187504 0.0010149075921924923 -0.02783611503665021 -0.017379984175555772 1.1016757756080497 0.006534865306719123 224.85948596715775
1961.5543  2452847.827900048 0.14619246411186979 60.79510299330244 0.001151570409041988 0.004496492474658401 0.013183249821821338 1.0904441823084736 0.0014436944174771784 223.17488785159105
