2.452125684489999898e+06 1.113737932963623223e-01 2.355021231326800413e-01
2.452129736670000013e+06 1.837559469878513596e-02 1.275039215083206834e-01
2.452132679640000220e+06 -1.686230653820892655e-01 1.215041151566480793e-01
2.452136583050000016e+06 5.037875410580383573e-02 1.755028489797245683e-01
2.452141598170000128e+06 -2.486188350863329788e-01 1.110045044131092729e-01
2.452144680949999951e+06 2.163826890174824769e-01 1.680029761641144426e-01
2.452160637610000093e+06 9.039112720703101900e-02 2.085023980677440936e-01
2.452170578530000057e+06 1.373968895569674942e-01 1.875026666477039861e-01
2.452188538430000190e+06 1.240841615643617502e-02 2.235022371252690376e-01
2.452333878889999818e+06 -4.021032263068491375e-04 1.470034013211939383e-01
2.452344840199999977e+06 1.426245017718557051e-01 1.425035087287327418e-01
2.452355891040000133e+06 -5.734568702570896903e-02 1.095045661148428828e-01
2.452364883580000140e+06 8.668106648091367106e-02 1.965025445127874248e-01
2.452372894439999945e+06 -2.829299668688989300e-02 1.215041151566480793e-01
2.452391924550000113e+06 -2.152221856723031124e-01 1.470034013211939383e-01
2.452405831809999887e+06 2.839259492390056039e-03 1.410035460547003627e-01
2.452414880319999997e+06 3.884475222093897173e-03 1.575031745711812647e-01
2.452416892959999852e+06 6.689515661171796523e-02 1.935025839620753141e-01
2.452424751610000152e+06 1.279392260970411144e-01 2.025024691207492622e-01
2.452428736820000224e+06 -2.503689721143587121e-02 1.290038759107647870e-01
2.452434776360000018e+06 -5.299858863827466848e-02 1.215041151566480793e-01
2.452436824339999817e+06 -2.398498487474753915e-02 1.335037452658164314e-01
2.452438797999999952e+06 1.510284329446491824e-01 1.575031745711812647e-01
2.452445676870000083e+06 3.907768150353518877e-02 1.170042734262300294e-01
2.452459688889999874e+06 1.161912972196326166e-01 1.470034013211939383e-01
2.452460706890000030e+06 -8.679967806671484709e-02 1.545032362120612734e-01
2.452463588179999962e+06 8.226480570833416550e-03 1.185042193341654809e-01
2.452466610969999805e+06 1.982549351666165194e-01 1.515033002940860407e-01
2.452468737170000095e+06 -4.172440506905772395e-02 1.065046947322041554e-01
2.452470720980000217e+06 -5.470463137646319751e-02 1.095045661148428828e-01
2.452472748420000076e+06 -1.296839113560110945e-01 1.365036629545156310e-01
2.452481604830000084e+06 1.734130649127649804e-01 2.340021367423810450e-01
2.452484668149999809e+06 9.449234589997246303e-03 1.560032050952800120e-01
2.452486530340000056e+06 1.364719291851628213e-01 2.370021096952514561e-01
2.452486760869999882e+06 1.614747768426383345e-01 2.865017451953826844e-01
2.452490744030000176e+06 1.805253497996979206e-01 2.370021096952514561e-01
2.452496534769999795e+06 9.260374106988678022e-02 1.155043289232052794e-01
2.452498555389999878e+06 8.263253818288873731e-02 1.215041151566480793e-01
2.452500598859999795e+06 -5.833753955703002703e-02 1.170042734262300294e-01
2.452502612470000051e+06 2.186927575937467338e-01 1.695029498268393053e-01
2.452508710700000171e+06 1.167897051020432286e-01 2.130023474049053400e-01
2.452517561579999980e+06 -2.500543564725212775e-01 1.410035460547003627e-01
2.452520629060000181e+06 6.100432868171878908e-02 1.455034363855369772e-01
2.452529494919999968e+06 -5.681098212814106319e-02 1.530032679389561334e-01
2.452538546579999849e+06 2.164036217316436250e-01 2.055024330756207995e-01
2.452542574359999970e+06 1.635087044162730763e-01 1.545032362120612734e-01
2.452548502859999891e+06 -2.923246217538633118e-01 1.620030863903524632e-01
2.452552539169999771e+06 2.387977429145067276e-01 2.580019379772175436e-01
2.452557504329999909e+06 -1.440409298159472939e-01 1.365036629545156310e-01
2.452564525760000106e+06 1.682096564575878972e-01 2.055024330756207995e-01
2.452708853039999958e+06 9.053741754522448559e-02 1.215041151566480793e-01
2.452719858740000054e+06 7.408855110639933628e-03 1.410035460547003627e-01
2.452729880690000020e+06 -8.089199018685633291e-02 1.365036629545156310e-01
2.452734819670000114e+06 1.255766575152037490e-01 1.200041665943312047e-01
2.452747743999999948e+06 2.154542348452892497e-02 2.295021786388965757e-01
2.452753929039999843e+06 1.174208592287584452e-01 1.965025445127874248e-01
2.452757856130000204e+06 -9.315233622693597226e-03 1.410035460547003627e-01
2.452761904250000138e+06 -6.234530766625212550e-02 1.065046947322041554e-01
2.452767851199999917e+06 -5.474574914032359629e-02 1.500033332962971422e-01
2.452775768070000224e+06 -4.540561818003752137e-02 1.590031446229916712e-01
2.452782689420000184e+06 2.098181029055723457e-02 1.530032679389561334e-01
2.452784612079999875e+06 -3.164964450836649235e-02 1.020049018429996929e-01
2.452786835440000053e+06 -9.428222326335600201e-02 1.170042734262300294e-01
2.452788642030000221e+06 5.511391692519396202e-02 1.200041665943312047e-01
2.452790746470000129e+06 8.983442606841052225e-02 1.125044443566564079e-01
2.452795634029999841e+06 2.989673331221709418e-02 9.300537618869136880e-02
2.452797645980000030e+06 -1.135583065089313948e-01 7.200694410957877989e-02
2.452802738369999919e+06 -9.715171448714343683e-02 1.185042193341654809e-01
2.452809760979999788e+06 4.698947765533034726e-02 1.050047617967871105e-01
2.452811688099999912e+06 -4.767793953002197327e-02 1.035048308051368243e-01
2.452812817379999906e+06 -3.490572040289663391e-02 1.020049018429996929e-01
2.452813861180000007e+06 -1.078356639038418052e-01 9.300537618869136880e-02
2.452815841849999968e+06 5.770867907719079426e-02 8.400595217006948112e-02
2.452816862809999846e+06 1.359532067120419185e-01 9.900505037623080762e-02
2.452818632540000137e+06 -8.314111522833300683e-02 6.750740700100990588e-02
2.452819809040000197e+06 7.812460224183581659e-03 8.100617260431454414e-02
2.452821694889999926e+06 4.239963391804124626e-02 8.100617260431454414e-02
2.452826812249999959e+06 3.841837884553100935e-02 8.250606038346516846e-02
2.452835680350000039e+06 -3.414726724263736912e-01 3.901281840626232011e-02
2.452837688060000073e+06 3.051091841883746270e-02 5.550900827793629061e-02
2.452838823830000125e+06 -2.913657821611437271e-02 5.250952294584288610e-02
2.452840741150000133e+06 -6.172985049981960515e-02 3.601388621073821350e-02
2.452843692439999897e+06 1.230777961534172960e-01 3.451448971084463552e-02
2.452845689790000208e+06 1.163014496760794714e-02 2.701851217221258941e-02
2.452846511450000107e+06 8.137145947549129232e-02 4.501110973970759432e-02
2.452847475670000073e+06 5.471596374577458732e-02 4.951009997970111376e-02
2.452848674990000203e+06 1.818630100027007757e-02 3.151586901863884932e-02
2.452849645450000186e+06 3.644479942318668009e-02 3.001666203960726836e-02
2.452850476540000178e+06 2.916454301966453500e-02 3.151586901863884932e-02
2.452850578710000031e+06 2.052033855095913850e-02 2.402082429892862803e-02
2.452851668829999864e+06 -4.938021343104281868e-03 2.851753846319839483e-02
2.452852586459999904e+06 2.137080356920151303e-02 4.801041553663121936e-02
2.452853471059999894e+06 -1.361090817856691615e-02 4.051234379790930040e-02
2.452854590909999795e+06 3.716284417038195897e-03 3.301514803843835777e-02
2.452855611599999946e+06 -9.605318340888402417e-03 4.951009997970111376e-02
2.452856550979999825e+06 1.517623672680201707e-02 4.201190307520000916e-02
2.452857501159999985e+06 -2.783569766840088278e-02 3.751333096380539411e-02
2.452858713479999918e+06 -1.492298061559438338e-02 3.901281840626232011e-02
2.452859574000000022e+06 -2.893173274210880663e-02 5.250952294584288610e-02
2.452862470100000035e+06 4.331820844834766149e-02 1.005049750012406151e-01
2.452862747860000003e+06 -3.853856474777472840e-02 8.700574693662482817e-02
2.452863496129999869e+06 -6.093516089423900439e-02 6.150812954398792581e-02
2.452864528909999877e+06 7.400626495359574619e-02 8.550584775323849529e-02
2.452865560250000097e+06 -5.156887979061508531e-02 4.951009997970111376e-02
2.452866610100000165e+06 -4.360756243762864415e-02 6.750740700100990588e-02
2.452866641220000107e+06 -5.987806652980509625e-02 6.150812954398792581e-02
2.452867635019999929e+06 -3.243399230624177676e-02 5.100980297942740022e-02
2.452868582549999934e+06 -1.203792829515819562e-01 4.801041553663121936e-02
2.452868711910000071e+06 -4.215796748890454637e-02 6.750740700100990588e-02
2.452869563790000044e+06 1.711629330310415753e-02 7.050709184188495848e-02
2.452870653359999880e+06 -1.143758765478501971e-01 5.850854638426765397e-02
2.452871470120000187e+06 -3.722155549344208225e-02 9.600520819205590750e-02
2.452871634099999908e+06 -3.748653320712591608e-02 5.400925846556309945e-02
2.452872559859999921e+06 -8.945638465506533521e-02 5.700877125495689562e-02
2.452875504339999985e+06 -3.372096037495353471e-02 8.850564953719054773e-02
2.452876577680000104e+06 1.227133897467069801e-02 6.900724599634447398e-02
2.452877513929999899e+06 -5.708465928081807306e-02 7.950628905941969915e-02
2.452877532130000181e+06 -8.529133845339487152e-03 7.950628905941969915e-02
2.452878501790000126e+06 -3.870177911160155304e-02 6.900724599634447398e-02
2.452879584249999840e+06 7.556442624379400286e-02 8.700574693662482817e-02
2.452880697420000099e+06 -4.269244370979663472e-02 9.000555538409836520e-02
2.452880710429999977e+06 -5.096915240207167130e-02 9.750512807027125750e-02
2.452881667429999914e+06 7.609104881068873283e-02 7.050709184188495848e-02
2.452882504129999783e+06 1.023071586949804157e-01 1.170042734262300294e-01
2.452883593169999775e+06 9.432453070000690332e-02 7.950628905941969915e-02
2.452883626800000202e+06 -2.430839993047939629e-02 8.100617260431454414e-02
2.452884583970000036e+06 3.041443234231167025e-03 8.850564953719054773e-02
2.452885554969999939e+06 -1.091680645857024956e-01 9.900505037623080762e-02
2.452892553129999898e+06 -5.123340840942347540e-02 1.080046295304048359e-01
2.452893488479999825e+06 -5.633447553223192017e-02 1.215041151566480793e-01
2.452894528500000015e+06 5.570890664001026948e-02 1.110045044131092729e-01
2.452895618730000220e+06 -2.133488780824421838e-02 8.700574693662482817e-02
2.452897638509999961e+06 -4.813053773265707491e-02 1.260039681914819909e-01
2.452898551500000060e+06 9.311564696580632017e-02 1.365036629545156310e-01
2.452899635180000216e+06 -4.304214047726873105e-02 9.150546431771164335e-02
2.452900480140000116e+06 -7.143861093527803519e-02 1.650030302752043543e-01
2.452900630419999827e+06 -1.349049287797505770e-01 1.170042734262300294e-01
2.452901504069999792e+06 -1.152718679838145022e-01 1.515033002940860407e-01
2.452902479609999806e+06 -2.730581776105012182e-02 1.965025445127874248e-01
2.452903498440000229e+06 -2.014064878612771281e-01 1.455034363855369772e-01
2.452903578079999890e+06 -2.271038923717370039e-01 7.200694410957877989e-02
2.452904538240000140e+06 -9.035693111922427079e-02 1.605031152345648415e-01
2.452904613210000098e+06 -8.798946596281709276e-02 1.470034013211939383e-01
2.452905488429999910e+06 1.137500524156287440e-01 1.695029498268393053e-01
2.452905552769999951e+06 -7.748044126252295882e-04 1.740028735394907322e-01
2.452905629540000111e+06 -1.383994897682292446e-01 1.500033332962971422e-01
2.452906492409999948e+06 3.695154927260801969e-03 1.530032679389561334e-01
2.452906586649999954e+06 -1.170463117732936098e-01 1.155043289232052794e-01
2.452907486029999796e+06 -1.779996490112978336e-01 1.530032679389561334e-01
2.452907605849999934e+06 1.520905308258448940e-01 1.785028010984701374e-01
2.452908492759999819e+06 1.144738946936101343e-01 2.085023980677440936e-01
2.452909494620000012e+06 2.412429067989911857e-01 1.815027548000305024e-01
2.452909572949999943e+06 -9.031185168738886659e-02 1.545032362120612734e-01
2.452909638840000145e+06 -1.087773343402815840e-01 1.305038313613818834e-01
2.452910485919999890e+06 -2.186674466370135406e-01 1.635030580753766838e-01
2.452910541949999984e+06 -1.105096735665611618e-02 1.350037036528998480e-01
2.452911526229999959e+06 7.533173380643276573e-02 1.725028985263726000e-01
2.452912477340000216e+06 -8.185235226981291135e-02 2.220022522408274801e-01
2.452915488320000004e+06 -2.015168170917647217e-02 1.785028010984701374e-01
2.452916524689999875e+06 -1.040289745476421501e-01 1.245040159994849349e-01
2.452917515949999914e+06 2.153873214385626511e-02 1.635030580753766838e-01
2.452918507170000114e+06 6.928466103970265522e-02 1.875026666477039861e-01
2.452920517760000192e+06 -1.978527609465388082e-01 1.365036629545156310e-01
2.452921506310000084e+06 1.154059006934318177e-01 2.130023474049053400e-01
2.452922513319999911e+06 7.732646979349055982e-03 1.770028248362155165e-01
2.452923522280000150e+06 -1.197969169402526290e-01 1.170042734262300294e-01
2.452924520140000153e+06 2.886823713916797374e-02 1.155043289232052794e-01
2.452927512010000180e+06 4.683771615912490915e-03 1.635030580753766838e-01
2.452928523409999907e+06 7.482418964846715426e-02 1.515033002940860407e-01
2.452930517289999872e+06 -7.142766541926803825e-02 1.440034721803609974e-01
2.452931517479999922e+06 -6.489539210152983628e-02 1.080046295304048359e-01
2.452932523659999948e+06 7.272537211116159028e-02 1.320037878244408602e-01
2.452934533009999897e+06 -3.671026303317859174e-02 1.545032362120612734e-01
2.452937527139999904e+06 1.042065524993063264e-02 1.725028985263726000e-01
2.452939528520000167e+06 -1.440646173497803773e-01 1.620030863903524632e-01
2.452939533230000176e+06 -1.007713129670761987e-02 1.815027548000305024e-01
2.452941501559999771e+06 1.684829613695981720e-02 1.845027100071974513e-01
2.452944524739999790e+06 -6.237653876208426595e-02 2.115023640529816729e-01
2.452945510290000122e+06 -1.059262444427133687e-02 2.205022675620366412e-01
2.452946516420000233e+06 1.722116939921214396e-01 2.460020325119286477e-01
2.452947508239999879e+06 6.411099972327249930e-02 2.355021231326800413e-01
2.452951504790000152e+06 -2.975363539875530705e-02 2.220022522408274801e-01
2.452953506879999768e+06 -7.135889991086941109e-02 1.710029239516096811e-01
2.453041876689999830e+06 1.144647104823128814e-01 2.175022988384260336e-01
2.453050870889999904e+06 1.786935807328760006e-02 1.680029761641144426e-01
2.453052860270000063e+06 -2.844527739517843656e-02 1.575031745711812647e-01
2.453059835909999907e+06 1.065462905287368756e-01 1.590031446229916712e-01
2.453064852820000146e+06 -7.309712615032282201e-02 1.890026454841307324e-01
2.453068806590000167e+06 2.284384571429747268e-01 2.715018416143801794e-01
2.453070885209999979e+06 1.262081596325046462e-01 1.635030580753766838e-01
2.453073841289999895e+06 -1.361039773038896783e-01 1.260039681914819909e-01
2.453075879410000052e+06 1.026907926208835420e-01 1.515033002940860407e-01
2.453080783600000199e+06 4.922799704170799373e-02 1.485033669651971422e-01
2.453082915250000078e+06 4.703963429305701993e-02 1.530032679389561334e-01
2.453085841889999807e+06 2.797927709601850665e-01 1.605031152345648415e-01
2.453086916509999894e+06 6.270539156464494113e-02 1.635030580753766838e-01
2.453088834489999805e+06 -1.644638478261128967e-02 1.020049018429996929e-01
2.453090747589999810e+06 -1.475926217191130263e-01 1.095045661148428828e-01
2.453096902790000197e+06 -1.260305569481872112e-01 1.500033332962971422e-01
2.453099798479999881e+06 -8.522065645574627979e-02 1.635030580753766838e-01
2.453101784109999891e+06 2.216544434811140718e-01 1.860026881526178344e-01
2.453103807659999933e+06 -4.468486756149303574e-03 1.350037036528998480e-01
2.453104866349999793e+06 3.446889039079437111e-02 2.640018939326004288e-01
2.453106879590000026e+06 -5.864709641326371070e-02 1.500033332962971422e-01
2.453108800059999805e+06 5.424592206141198858e-02 1.155043289232052794e-01
2.453109859019999858e+06 -5.781158977202949245e-02 1.110045044131092729e-01
2.453110865400000010e+06 2.813470243287596873e-02 1.305038313613818834e-01
2.453112850730000064e+06 4.803138915841742573e-02 1.185042193341654809e-01
2.453114815320000052e+06 -3.406750860632001832e-02 1.185042193341654809e-01
2.453116903460000176e+06 2.483087086433855006e-02 1.485033669651971422e-01
2.453125905850000214e+06 1.054306959635411545e-01 2.235022371252690376e-01
2.453127853639999870e+06 4.535156340118007279e-02 1.515033002940860407e-01
2.453128853490000125e+06 -1.286881042482512782e-01 1.470034013211939383e-01
2.453130732499999925e+06 2.122390455223381878e-01 1.845027100071974513e-01
2.453131698919999879e+06 2.012024188975871652e-01 2.115023640529816729e-01
2.453135930579999927e+06 -9.515132315023322462e-04 1.425035087287327418e-01
2.453138684839999769e+06 1.199536635140994179e-01 1.770028248362155165e-01
2.453139910819999874e+06 1.291274909801387594e-02 1.245040159994849349e-01
2.453140914280000143e+06 -5.120164099377433331e-03 1.410035460547003627e-01
2.453142798700000159e+06 9.081939176584441498e-02 1.275039215083206834e-01
2.453144818680000026e+06 1.375651863098426020e-02 1.215041151566480793e-01
2.453146855839999858e+06 -2.930494901645985806e-02 1.635030580753766838e-01
2.453151790789999999e+06 -9.344619808481269274e-02 1.395035841833463797e-01
2.453151939329999965e+06 -1.104502886547216178e-01 1.785028010984701374e-01
2.453152788449999876e+06 1.245265021480292944e-01 1.515033002940860407e-01
2.453153791089999955e+06 8.049947427924664112e-02 1.695029498268393053e-01
2.453154875409999862e+06 -1.155293031712822938e-01 1.920026041490062729e-01
2.453156894940000027e+06 2.744183221209368639e-01 2.070024154448445175e-01
2.453162604799999855e+06 5.727842265234883712e-02 1.965025445127874248e-01
2.453163785759999882e+06 2.292509198094663248e-01 1.710029239516096811e-01
2.453164768019999843e+06 1.022284016786407790e-01 1.155043289232052794e-01
2.453164901010000147e+06 3.622537751886412138e-02 1.635030580753766838e-01
2.453165741549999919e+06 1.920639812133728697e-02 1.245040159994849349e-01
2.453168886739999987e+06 -1.186261083248396631e-02 1.455034363855369772e-01
2.453169754860000219e+06 -1.828811150769205085e-01 1.245040159994849349e-01
2.453170842759999912e+06 2.680960183342477876e-01 1.455034363855369772e-01
2.453171810980000068e+06 3.707596392040812816e-02 1.035048308051368243e-01
2.453172781909999903e+06 1.570561291616847654e-01 1.560032050952800120e-01
2.453173882919999771e+06 8.903396554349285452e-02 2.295021786388965757e-01
2.453174741750000045e+06 8.601691549996459685e-02 1.230040649734796404e-01
2.453175754749999847e+06 -1.190029310508791127e-01 1.020049018429996929e-01
2.453177790969999973e+06 -2.404197795322104980e-02 2.055024330756207995e-01
2.453180756740000099e+06 1.509031061134216145e-01 1.185042193341654809e-01
2.453182817379999906e+06 1.048662636992823138e-01 1.350037036528998480e-01
2.453183772379999980e+06 -1.171504574377060237e-01 1.350037036528998480e-01
2.453184733490000013e+06 -8.167064428349135596e-03 1.095045661148428828e-01
2.453185736930000130e+06 2.178158301283943388e-01 1.785028010984701374e-01
2.453195711560000200e+06 6.265793589360413307e-02 1.170042734262300294e-01
2.453195832070000004e+06 1.286561553524485646e-01 1.545032362120612734e-01
2.453196803439999931e+06 1.946419076879308818e-01 1.635030580753766838e-01
2.453197557750000153e+06 7.630970627833022490e-03 1.440034721803609974e-01
2.453199662949999794e+06 -1.003989786213033142e-01 1.065046947322041554e-01
2.453202549209999852e+06 -1.943870435080796710e-02 1.200041665943312047e-01
2.453203694329999853e+06 -3.545405119606925837e-02 1.095045661148428828e-01
2.453204685240000021e+06 -8.846714629433094501e-02 1.035048308051368243e-01
2.453205544079999905e+06 -1.074783593244994506e-01 1.065046947322041554e-01
2.453209669400000013e+06 -2.045305034967839219e-01 1.185042193341654809e-01
2.453210669480000157e+06 2.094572702927273156e-01 1.440034721803609974e-01
2.453211639950000215e+06 -1.075544439430302646e-01 1.215041151566480793e-01
2.453217684160000179e+06 1.753757914728559797e-01 1.710029239516096811e-01
2.453218682909999974e+06 -1.026352277802224933e-01 1.695029498268393053e-01
2.453219648599999957e+06 1.823542494520822288e-01 2.235022371252690376e-01
2.453223683689999860e+06 -2.468835947892245031e-02 1.725028985263726000e-01
2.453224731730000116e+06 -4.569907797712957631e-02 1.635030580753766838e-01
2.453228632999999914e+06 -2.407377692588674734e-01 1.035048308051368243e-01
2.453229665479999967e+06 -1.117476996219934904e-01 1.035048308051368243e-01
2.453230698960000183e+06 -1.217575136842867778e-01 1.485033669651971422e-01
2.453231602950000204e+06 -2.047659962890939767e-01 1.050047617967871105e-01
2.453232639419999905e+06 2.072243931981709864e-01 2.100023809388836538e-01
2.453238651240000036e+06 7.170985696330234305e-03 1.845027100071974513e-01
2.453240503380000126e+06 8.715530107279789718e-02 1.335037452658164314e-01
2.453241687109999824e+06 9.614545850662992166e-02 2.550019607767752272e-01
2.453245587299999781e+06 4.511399901376123012e-02 2.115023640529816729e-01
2.453246692950000055e+06 2.801053436375475769e-01 2.985016750371762839e-01
2.453247635999999940e+06 7.909805038540085320e-02 1.695029498268393053e-01
2.453249559599999804e+06 1.270834238646934011e-01 1.845027100071974513e-01
2.453256669879999943e+06 -1.179678603465035280e-01 1.635030580753766838e-01
2.453260579640000127e+06 5.300569636911234284e-02 1.515033002940860407e-01
2.453265592920000199e+06 -3.002651647111775901e-02 1.365036629545156310e-01
2.453275582270000130e+06 9.291450931144851211e-02 2.055024330756207995e-01
2.453279552579999901e+06 -7.310715964338143635e-02 1.560032050952800120e-01
2.453282511099999771e+06 -1.691226991999847939e-01 1.230040649734796404e-01
2.453288577409999911e+06 2.208469702476243413e-01 1.770028248362155165e-01
2.453295556479999796e+06 -9.118554499357500731e-02 9.300537618869136880e-02
2.453315513410000131e+06 -3.482662900557045305e-01 2.370021096952514561e-01
