\STAR_ID                              = "MOA 2008-BLG-310L"
\DATA_CATEGORY                        = "Photometric light curve"
\RA                                   = "17h54m14.53s"
\RA_UNITS                             = "sexagesimal"
\DEC                                  = "-34d46m40.99s"
\DEC_UNITS                            = "sexagesimal"
\EQUINOX                              = "J2000.0"
\NUMBER_OF_POINTS                     = "76"
\TIME_REFERENCE_FRAME                 = "Heliocentric JD"
\MINIMUM_DATE                         = "2454656.0258500"
\MAXIMUM_DATE                         = "2454657.0079300"
\DATE_UNITS                           = "days"
\REFERENCES                           = "Janczak et al. 2010"
\BIBCODES                             = "2010ApJ...711..731J"
\TELESCOPE                            = "Auckland Telescope (0.41 m)"
\INSTRUMENT                           = "unknown"
\TIME_SERIES_DATA_FILTER              = "R"
\OBSERVATORY_SITE                     = "Stardome Observatory, Auckland, New Zealand"
\COLUMN_JD                            = "Heliocentric Julian Day"
\COMMENT                              = ""
|              JD| RELATIVE_MAGNITUDE| MAGNITUDE_UNCERTAINTY| RELATIVE_FLUX| FLUX_UNCERTAINTY|
|            real|               real|                  real|          real|             real|
|            days|                mag|                   mag|              |                 |
  2454656.0258500             15.251                 0.013
  2454656.0294600             15.256                 0.013
  2454656.0330400             15.258                 0.013
  2454656.0432300             15.216                 0.013
  2454656.0468100             15.202                 0.013
  2454656.0503800             15.187                 0.013
  2454656.0539600             15.200                 0.013
  2454656.0575300             15.183                 0.013
  2454656.0611200             15.177                 0.013
  2454656.0647100             15.166                 0.013
  2454656.0682800             15.145                 0.013
  2454656.0718600             15.114                 0.013
  2454656.0754500             15.129                 0.013
  2454656.0790400             15.103                 0.013
  2454656.0826300             15.113                 0.013
  2454656.0897900             15.074                 0.013
  2454656.0933800             15.060                 0.012
  2454656.0969500             15.068                 0.012
  2454656.1005400             15.055                 0.012
  2454656.1041200             15.050                 0.013
  2454656.1077000             15.032                 0.013
  2454656.1267000             14.949                 0.012
  2454656.1302900             14.946                 0.012
  2454656.1339000             14.935                 0.012
  2454656.1375000             14.917                 0.012
  2454656.1410900             14.895                 0.011
  2454656.1447000             14.869                 0.012
  2454656.1482800             14.866                 0.012
  2454656.1518600             14.859                 0.012
  2454656.1554400             14.827                 0.012
  2454656.1590700             14.826                 0.012
  2454656.1627100             14.809                 0.012
  2454656.1663400             14.761                 0.012
  2454656.1699600             14.765                 0.012
  2454656.1735700             14.741                 0.012
  2454656.1771700             14.744                 0.012
  2454656.1807600             14.695                 0.011
  2454656.1938700             14.661                 0.012
  2454656.1974500             14.642                 0.012
  2454656.2011000             14.625                 0.013
  2454656.2131800             14.557                 0.012
  2454656.2167500             14.522                 0.012
  2454656.2203400             14.522                 0.012
  2454656.2239200             14.509                 0.012
  2454656.2275100             14.462                 0.012
  2454656.8520700             15.487                 0.017
  2454656.8556600             15.491                 0.017
  2454656.8592500             15.503                 0.016
  2454656.8628200             15.490                 0.016
  2454656.8664000             15.524                 0.017
  2454656.8699900             15.506                 0.016
  2454656.8735500             15.496                 0.016
  2454656.8771300             15.538                 0.016
  2454656.8807000             15.538                 0.016
  2454656.8842900             15.553                 0.016
  2454656.8878900             15.567                 0.016
  2454656.8914700             15.563                 0.016
  2454656.8950400             15.579                 0.017
  2454656.8986200             15.605                 0.016
  2454656.9022100             15.612                 0.017
  2454656.9057900             15.598                 0.017
  2454656.9426600             15.682                 0.017
  2454656.9462300             15.671                 0.017
  2454656.9498200             15.690                 0.017
  2454656.9533900             15.705                 0.017
  2454656.9569600             15.714                 0.017
  2454656.9605400             15.715                 0.017
  2454656.9641100             15.736                 0.018
  2454656.9677000             15.731                 0.019
  2454656.9864500             15.756                 0.017
  2454656.9900400             15.760                 0.017
  2454656.9936400             15.777                 0.017
  2454656.9972200             15.784                 0.017
  2454657.0008000             15.759                 0.017
  2454657.0043700             15.767                 0.017
  2454657.0079300             15.775                 0.018
