\STAR_ID                              = "MOA 2008-BLG-310L"
\DATA_CATEGORY                        = "Photometric light curve"
\RA                                   = "17h54m14.53s"
\RA_UNITS                             = "sexagesimal"
\DEC                                  = "-34d46m40.99s"
\DEC_UNITS                            = "sexagesimal"
\EQUINOX                              = "J2000.0"
\NUMBER_OF_POINTS                     = "149"
\TIME_REFERENCE_FRAME                 = "Heliocentric JD"
\MINIMUM_DATE                         = "2454656.2151024"
\MAXIMUM_DATE                         = "2454657.3813561"
\DATE_UNITS                           = "days"
\REFERENCES                           = "Janczak et al. 2010"
\BIBCODES                             = "2010ApJ...711..731J"
\TELESCOPE                            = "Bronberg Telescope (0.36 m)"
\INSTRUMENT                           = "unknown"
\TIME_SERIES_DATA_FILTER              = "unfiltered"
\OBSERVATORY_SITE                     = "Bronberg Observatory, Pretoria, South Africa"
\COLUMN_JD                            = "Heliocentric Julian Day"
\COMMENT                              = ""
|              JD| RELATIVE_MAGNITUDE| MAGNITUDE_UNCERTAINTY| RELATIVE_FLUX| FLUX_UNCERTAINTY|
|            real|               real|                  real|          real|             real|
|            days|                mag|                   mag|              |                 |
  2454656.2151024             14.553                 0.009
  2454656.2168969             14.543                 0.008
  2454656.2211085             14.507                 0.010
  2454656.2261097             14.472                 0.011
  2454656.2298093             14.457                 0.011
  2454656.2332325             14.420                 0.010
  2454656.2367208             14.414                 0.011
  2454656.2404249             14.376                 0.010
  2454656.2439823             14.351                 0.010
  2454656.2473303             14.328                 0.009
  2454656.2508553             14.337                 0.009
  2454656.2543890             14.294                 0.010
  2454656.2578742             14.258                 0.009
  2454656.2618954             14.225                 0.008
  2454656.2656656             14.204                 0.008
  2454656.2692650             14.191                 0.008
  2454656.2729621             14.145                 0.008
  2454656.2766596             14.121                 0.008
  2454656.2801730             14.080                 0.008
  2454656.2839967             14.055                 0.007
  2454656.2877913             14.001                 0.007
  2454656.2912347             13.968                 0.007
  2454656.2954856             13.944                 0.008
  2454656.2992762             13.913                 0.008
  2454656.3026610             13.870                 0.008
  2454656.3063048             13.825                 0.007
  2454656.3101155             13.773                 0.007
  2454656.3135804             13.746                 0.007
  2454656.3171184             13.714                 0.006
  2454656.3197563             13.670                 0.009
  2454656.3214734             13.662                 0.009
  2454656.3232184             13.638                 0.009
  2454656.3249500             13.610                 0.009
  2454656.3267373             13.575                 0.008
  2454656.3284733             13.560                 0.008
  2454656.3302067             13.536                 0.008
  2454656.3320105             13.508                 0.008
  2454656.3337316             13.485                 0.007
  2454656.3354624             13.446                 0.008
  2454656.3375852             13.414                 0.007
  2454656.3393376             13.380                 0.007
  2454656.3410523             13.340                 0.007
  2454656.3431936             13.310                 0.007
  2454656.3449266             13.268                 0.006
  2454656.3466528             13.224                 0.006
  2454656.3487928             13.180                 0.006
  2454656.3505299             13.134                 0.005
  2454656.3522484             13.087                 0.006
  2454656.3543868             13.036                 0.005
  2454656.3561394             13.000                 0.005
  2454656.3578621             12.952                 0.005
  2454656.3596707             12.914                 0.005
  2454656.3614063             12.870                 0.005
  2454656.3631158             12.839                 0.004
  2454656.3648937             12.816                 0.004
  2454656.3666331             12.800                 0.004
  2454656.3683489             12.769                 0.004
  2454656.3701226             12.745                 0.004
  2454656.3718724             12.730                 0.004
  2454656.3736325             12.712                 0.004
  2454656.3756281             12.687                 0.004
  2454656.3774827             12.669                 0.004
  2454656.3792375             12.654                 0.004
  2454656.3809989             12.637                 0.004
  2454656.3827202             12.626                 0.003
  2454656.3844824             12.628                 0.003
  2454656.3864589             12.608                 0.004
  2454656.3883425             12.594                 0.003
  2454656.3900949             12.595                 0.003
  2454656.3918595             12.583                 0.004
  2454656.3935851             12.584                 0.003
  2454656.3953537             12.577                 0.003
  2454656.3972371             12.586                 0.003
  2454656.3991963             12.576                 0.003
  2454656.4009414             12.589                 0.003
  2454656.4026881             12.579                 0.004
  2454656.4044690             12.584                 0.003
  2454656.4062019             12.584                 0.003
  2454656.4079142             12.590                 0.004
  2454656.4097332             12.592                 0.004
  2454656.4114483             12.598                 0.003
  2454656.4131987             12.603                 0.004
  2454656.4149781             12.623                 0.004
  2454656.4166991             12.626                 0.004
  2454656.4184082             12.645                 0.004
  2454656.4202172             12.653                 0.004
  2454656.4219579             12.661                 0.004
  2454656.4236818             12.683                 0.004
  2454656.4254738             12.701                 0.004
  2454656.4272055             12.720                 0.004
  2454656.4290009             12.744                 0.004
  2454656.4309739             12.767                 0.004
  2454656.4328158             12.804                 0.004
  2454656.4345712             12.820                 0.004
  2454656.4365879             12.869                 0.005
  2454656.4384413             12.899                 0.005
  2454656.4401946             12.946                 0.005
  2454656.4421963             13.000                 0.005
  2454656.4440571             13.059                 0.005
  2454656.4457816             13.105                 0.005
  2454656.4475459             13.140                 0.006
  2454656.4493021             13.189                 0.006
  2454656.4510562             13.241                 0.006
  2454656.4528318             13.267                 0.007
  2454656.4545540             13.294                 0.006
  2454656.4563127             13.337                 0.007
  2454656.4581655             13.370                 0.007
  2454656.4601659             13.397                 0.007
  2454656.4619383             13.435                 0.007
  2454656.4638136             13.471                 0.008
  2454656.4657530             13.506                 0.008
  2454656.4675380             13.513                 0.008
  2454656.4694334             13.553                 0.008
  2454656.4713867             13.590                 0.008
  2454656.4731205             13.604                 0.008
  2454656.4750269             13.654                 0.009
  2454656.4769951             13.674                 0.009
  2454656.4787714             13.708                 0.010
  2454656.4804992             13.723                 0.010
  2454656.4822661             13.743                 0.009
  2454656.4840063             13.784                 0.010
  2454656.4858967             13.807                 0.010
  2454656.4878966             13.820                 0.010
  2454656.4896213             13.836                 0.010
  2454656.4914662             13.868                 0.011
  2454656.4934741             13.884                 0.011
  2454656.4952119             13.908                 0.011
  2454656.4971357             13.903                 0.011
  2454656.4990850             13.945                 0.011
  2454656.5008375             13.958                 0.011
  2454656.5026511             13.965                 0.012
  2454656.5043598             14.010                 0.012
  2454656.5061328             14.011                 0.012
  2454656.5087820             14.038                 0.009
  2454656.5122396             14.070                 0.009
  2454656.5160018             14.073                 0.010
  2454656.5198583             14.111                 0.011
  2454656.5235882             14.148                 0.011
  2454656.5276831             14.208                 0.011
  2454656.5318062             14.230                 0.012
  2454656.5353519             14.233                 0.012
  2454656.5389228             14.278                 0.012
  2454656.5427764             14.290                 0.013
  2454656.5461580             14.355                 0.014
  2454656.5497699             14.366                 0.013
  2454656.5531822             14.352                 0.015
  2454657.3747095             16.230                 0.050
  2454657.3782769             16.239                 0.051
  2454657.3813561             16.185                 0.060
