1647.138264     -439.430000                  285.330000  
1649.144766     -173.350000                  201.930000  
1661.067582     -325.050000                  325.730000  
1661.167463      201.260000                  358.460000  
1662.133373      703.790000                  273.900000  
1662.228119     -417.020000                  261.330000  
1664.128923     -303.100000                  308.030000  
1665.020653      615.760000                  397.080000  
1666.121859      195.200000                  418.340000  
1667.031620       29.540000                  235.320000  
1667.127060       79.080000                  203.100000  
1668.030941     -405.110000                  207.670000  
1668.127944     -373.670000                  285.980000  
1673.096324     -297.660000                  209.120000  
1673.164281     -123.680000                  264.660000  
1673.229690      110.220000                  237.600000  
1674.052788     -540.810000                  387.560000  
1674.122961       21.620000                  238.550000  
1674.192780      -99.820000                  275.100000  
1675.083503        1.930000                    5.320000  
1675.150180      351.490000                  323.090000  
1675.214612      -10.060000                  219.830000  
1679.054091     -141.060000                  267.810000  
1679.117764      619.130000                  442.440000  
1681.013777       27.110000                  280.100000  
1681.088381      103.070000                  244.540000  
1681.182252     -345.190000                  360.230000  
1681.263404      362.750000                  613.790000  
1684.049063       20.140000                  339.150000  
1686.013094     -430.030000                  380.110000  
1686.091350       29.960000                  313.410000  
1687.087029     -682.550000                  369.270000  
1687.156500      -52.040000                  497.290000  
1688.001257     -403.860000                  314.710000  
1688.072515      -44.300000                  251.100000  
1688.145540     -543.920000                  203.460000  
1688.224774     -288.680000                  269.120000  
1688.999764      210.930000                  236.270000  
1689.070351     -160.720000                  195.870000  
1689.145227     -160.560000                  306.800000  
1689.982377      -83.850000                  368.920000  
1690.055933        1.970000                  200.140000  
1690.127227      522.370000                  283.150000  
1690.207247       39.760000                  252.650000  
1690.271185      429.920000                  368.220000  
1690.992130     -105.460000                  244.470000  
1691.082841     -272.590000                  231.530000  
1691.149591      174.560000                  342.460000  
1697.018718       70.540000                  537.510000  
1701.024342      -91.540000                  242.510000  
1701.096444      -20.520000                  208.390000  
1701.164190     -151.830000                  333.300000  
1703.004288     -361.280000                  228.650000  
1703.108400       63.580000                  228.770000  
1703.269757      -78.720000                  320.050000  
1703.993408      -72.080000                  281.910000  
1704.071061     -551.950000                  427.690000  
1704.166479      211.050000                  183.650000  
1708.018801      170.590000                  290.480000  
1708.086146     -717.780000                  415.450000  
1708.909614     -490.480000                  363.230000  
1708.976096     -204.270000                  398.500000  
1709.093742       -6.430000                  249.140000  
1710.205908       31.683631                  291.283493  
1713.964947     -810.510000                  507.020000  
1714.024311      635.670000                  331.370000  
1714.900895     -168.330000                  355.880000  
1714.960184     -567.310000                  324.740000  
1715.019634     -614.980000                  346.930000  
1715.079501        6.370000                  302.690000  
1715.901651     -332.230000                  473.510000  
1716.012814     -580.720000                  228.090000  
1716.071478     -314.600000                  320.020000  
1717.011492      303.140000                  351.420000  
1717.071237       15.590000                  222.510000  
1717.132469      -37.770000                  273.750000  
1721.097456     -159.442724                  229.923826  
1724.917297     -314.060000                  339.460000  
1724.984743     -907.830000                  379.680000  
1725.053482       81.640000                  468.890000  
1725.120877     -361.100000                  269.400000  
1725.807476       78.010000                  231.930000  
1726.811380     -208.210000                  313.040000  
1726.982363      265.964318                  463.840012  
1729.828578      286.550000                  215.390000  
1729.917685     -234.460000                  250.910000  
1730.000275       97.177985                  289.611667  
1730.845847     -190.250000                  434.690000  
1730.906558     -256.100000                  273.880000  
1730.982268      -44.170000                  285.320000  
1731.802608     -407.410000                  278.880000  
1731.866317     -167.660000                  238.850000  
1731.926379      199.320000                  223.730000  
1732.018778       35.290000                  236.490000  
1732.941747      181.380000                  209.790000  
1733.016583     -182.880000                  234.790000  
1735.999816     -984.460000                  429.340000  
1779.892737     -494.370000                  304.240000  
1779.992562       -0.390000                  258.800000  
1780.871716       54.350000                  277.690000  
1780.996486       -1.340000                  230.170000  
1788.860675      -13.300000                  310.650000  
1792.850183     -222.710000                  199.490000  
1792.912943      159.010000                  223.900000  
1797.862809      121.270000                  341.360000  
1797.955878      126.610000                  314.220000  
1797.979145      401.240000                  278.150000  
1798.000954     -122.890000                  321.720000  
1798.849982      -30.030000                  242.410000  
1798.858702     -303.520000                  287.340000  
1798.883126      240.960000                  341.470000  
1798.893143      -79.350000                  284.550000  
1798.922938      139.930000                  239.490000  
1801.862201        9.910000                  277.590000  
1801.965495       -5.870000                  284.110000  
1802.894936      248.990000                  303.950000  
1803.856937      -96.400000                  241.580000  
1803.918661      -42.620000                  269.200000  
1808.855063       -7.610000                  266.350000  
1808.889654     -284.330000                  297.560000  
1809.837085     -279.180000                  263.680000  
1809.905607      527.080000                  263.220000  
1809.940199      783.870000                  683.480000  
1812.847013      -72.100000                  240.400000  
1812.890440      559.590000                  651.470000  
1813.851815     -237.490000                  218.850000  
1813.873405     -112.000000                  218.240000  
1813.896765       23.070000                  285.130000  
1814.906567      176.400000                  224.170000  
1814.928787       72.980000                  373.830000  
1816.931292     -927.030000                  558.170000  
1817.868943     -928.220000                  417.900000  
1817.892096     -311.320000                  299.270000  
1820.854486     -726.220000                  485.120000  
1820.876226     -809.210000                  532.790000  
1821.873635     -169.300000                  474.020000  
1821.895860       47.760000                  447.580000  
1826.858972      119.940000                  297.510000  
1969.167819      385.020000                  340.400000  
1970.162026      100.620000                  289.850000  
1987.173781     -176.270000                  291.150000  
1989.144038      188.631757                  279.581821  
1998.190190      128.850000                  275.780000  
2000.122005      167.560000                  239.510000  
2000.183191     -106.580000                  281.650000  
2001.101256      560.850000                  228.550000  
2001.162604      -93.280000                  283.220000  
2001.225365      145.490000                  221.240000  
2003.121278      457.890000                  308.640000  
2003.197160     -100.080000                  282.950000  
2005.119619        8.850000                  258.760000  
2006.116467      407.440000                  483.510000  
2006.199015     -771.340000                  454.820000  
2007.104414      250.300000                  309.530000  
2007.172678     -347.230000                  211.350000  
2008.227026      399.280000                  667.400000  
2012.094846       12.640000                  294.490000  
2013.108816     -145.570000                  384.860000  
2013.170685      360.680000                  348.680000  
2013.217286     -480.480000                  408.370000  
2014.093958      355.690000                  257.290000  
2014.152788     -254.840000                  213.000000  
2014.211705      120.870000                  277.930000  
2015.095888      188.050000                  249.260000  
2018.073248      148.510000                  239.360000  
2018.140609       63.140000                  259.380000  
2018.208706      144.810000                  213.740000  
2019.100467     -298.710000                  329.530000  
2019.194480     -334.020000                  401.530000  
2021.123245     -384.920000                  253.940000  
2021.233770     -230.050000                  258.300000  
2023.079349     -126.840000                  255.310000  
2023.173830        0.430000                  239.400000  
2024.058497      129.110000                  243.910000  
2024.159090     -160.190000                  267.270000  
2026.078257      199.290000                  200.550000  
2026.155168      117.240000                  251.500000  
2033.118371      231.150000                  300.220000  
2033.199772      -36.510000                  319.380000  
2042.042009      332.460000                  350.430000  
2042.101023      -54.500000                  540.010000  
2042.166340      376.800000                  304.520000  
2044.177556      169.810000                  287.770000  
2045.037757       98.290000                  295.660000  
2045.096511       77.760000                  286.140000  
2045.155814      189.030000                  288.090000  
2046.057382     -140.580000                  538.940000  
2048.026728      403.060000                  223.170000  
2048.085660      394.530000                  235.860000  
2051.233446      346.750000                  271.830000  
2052.005700      139.260000                  538.940000  
2052.065588     -283.560000                  301.270000  
2052.128327      647.420000                  519.850000  
2052.955717      614.870000                  530.300000  
2053.014359     -681.860000                  558.860000  
2055.043151       47.430000                  202.170000  
2055.179926      -64.391830                  342.910328  
2056.030135      716.172573                  396.503107  
2057.125637      480.310488                  609.324120  
2057.993371      170.520000                  235.010000  
2058.052512      -26.020000                  247.370000  
2058.149409      142.030000                  241.770000  
2058.989557       81.930000                  265.410000  
2059.049304      213.490000                  216.400000  
2059.109388      191.320000                  300.220000  
2059.947191      -10.800000                  414.540000  
2060.023478      -93.470000                  233.960000  
2060.085373      268.160000                  303.900000  
2061.018681      450.110000                  421.560000  
2061.958245        1.020000                  274.120000  
2062.017287      -31.370000                  472.290000  
2062.075807        9.440000                  303.990000  
2062.997348      447.950000                  257.590000  
2063.056598       40.920000                  255.640000  
2064.022623      184.010000                  219.310000  
2064.164259     -699.340000                  306.030000  
2064.955954       54.340000                  321.130000  
2065.974323      310.280000                  282.430000  
2066.033711      204.760000                  277.550000  
2066.092653      537.870000                  275.590000  
2068.114436     -852.510000                  660.110000  
2068.255561      325.760000                  500.130000  
2071.008196      -41.900000                  293.400000  
2071.071130      323.590000                  297.070000  
2071.132098      284.890000                  300.190000  
2071.198883      262.400000                  292.500000  
2071.261655      -96.240000                  344.160000  
2071.991222       38.830000                  589.970000  
2073.048608      300.550000                  259.010000  
2073.108342      316.640000                  394.640000  
2073.172845      201.320000                  512.310000  
2078.956457      -44.840000                  335.870000  
2079.014993       24.260000                  224.960000  
2079.073407      167.090000                  218.060000  
2079.135769     -286.280000                  233.560000  
2080.020675      -40.040000                  287.520000  
2080.099918      422.480000                  238.010000  
2080.162598      196.740000                  388.070000  
2081.001275      173.990000                  455.540000  
2081.075014      256.090000                  276.590000  
2081.133266      187.730000                  302.140000  
2081.195887     -180.140000                  541.640000  
2082.896636      117.850000                  400.030000  
2083.135368     -205.650000                  445.590000  
2083.193604     -193.370000                  596.120000  
2084.884352       33.970000                  230.030000  
2084.942842      -57.520000                  259.960000  
2085.001591     -156.330000                  236.330000  
2085.074780       70.050000                  446.890000  
2085.149392     -175.180000                  265.710000  
2085.958913      196.790000                  260.710000  
2086.027437      374.050000                  272.020000  
2086.103079      -89.290000                  302.500000  
2086.910141     -194.660000                  643.080000  
2089.850604      289.420000                  271.550000  
2089.933028     -226.780000                  520.020000  
2090.882166      365.750000                  285.900000  
2090.943092     -324.240000                  342.960000  
2091.002616      526.750000                  248.440000  
2091.900843      410.780000                  236.180000  
2091.959766      -56.650000                  251.670000  
2092.041768      244.840000                  233.260000  
2092.100123      -81.420000                  247.540000  
2092.163363      127.600000                  288.190000  
2092.928929      160.880000                  353.090000  
2093.015409       59.320000                  291.030000  
2093.074412      140.260000                  255.130000  
2093.153311      167.540000                  278.470000  
2093.886719      277.060000                  375.840000  
2093.947777      309.780000                  350.860000  
2094.006404      294.330000                  292.570000  
2094.097491      690.490000                  357.200000  
2094.160482       65.000000                  370.120000  
2095.911714      429.840000                  447.860000  
2095.970419     -211.261331                  539.594294  
2096.835772      509.350000                  557.010000  
2096.910603      143.930000                  299.280000  
2096.999733      185.750000                  269.410000  
2097.070461      141.200000                  368.340000  
2097.158561      114.670000                  380.790000  
2098.018426      282.023298                  363.491770  
2098.957069      306.500000                  237.300000  
2099.052089      281.960000                  268.830000  
2099.116543      -89.560000                  483.990000  
2100.838075     -129.410000                  231.580000  
2100.906708      225.820000                  216.000000  
2100.979278      175.390338                  377.217743  
2101.126371      458.570000                  255.250000  
2101.835134      297.070000                  218.820000  
2101.903732      362.300000                  266.060000  
2101.971999     -116.230000                  272.100000  
2102.823205     -342.050000                  254.440000  
2102.881762     -143.560000                  244.080000  
2102.940435      313.570000                  238.010000  
2102.999301       42.664321                  322.725683  
2103.964000     -421.350000                  445.030000  
2104.038183     -125.010000                  277.610000  
2104.123845      275.300000                  239.450000  
2104.198634       -5.990000                  342.870000  
2104.813925      400.620000                  310.910000  
2104.872632      316.410000                  231.790000  
2104.931779      348.230000                  224.540000  
2105.833987     -261.660000                  236.520000  
2105.892479      -67.420000                  265.400000  
2105.951540      640.910000                  393.600000  
2106.010318      -29.021984                  336.741764  
2106.081853      329.750000                  236.550000  
2106.140843     -374.550000                  233.110000  
2113.041949      350.650000                  266.550000  
2113.100719      -58.370000                  509.230000  
2113.162857     -597.480000                  517.280000  
2113.840250       10.320000                  252.700000  
2113.975261      158.190000                  252.820000  
2114.036091       53.710000                  623.540000  
2114.099595      116.260000                  287.590000  
2114.158655      287.160000                  342.170000  
2114.824605       55.100000                  270.180000  
2114.883810      597.130000                  210.110000  
2114.942625      -67.070000                  220.670000  
2115.145942      171.440000                  336.020000  
2115.819397       53.850000                  206.940000  
2115.878156       30.010000                  234.330000  
2115.937344      184.620000                  214.010000  
2115.996143      148.650000                  241.400000  
2116.067058     -426.740000                  276.010000  
2116.126089     -291.430000                  339.440000  
2116.817540      321.400000                  231.540000  
2116.878665      152.560000                  243.150000  
2116.937713      377.050000                  241.050000  
2117.006356      295.660000                  303.180000  
2117.081755     -330.610000                  253.420000  
2117.140497      317.790000                  453.600000  
2117.852768      190.210000                  300.370000  
2120.151690       11.590000                  349.640000  
2120.854843     -353.130000                  459.720000  
2120.975988      103.010000                  269.280000  
2121.039176      151.290732                  460.817649  
2121.814885      264.320000                  390.560000  
2121.874042      549.110000                  421.320000  
2121.933569     1265.270000                  463.820000  
2121.992616     -186.983540                  617.910774  
2123.864164      568.440000                  589.050000  
2124.852353       25.780000                  291.380000  
2124.946236     -372.550000                  315.920000  
2125.102974     -186.050000                  404.330000  
2125.162374     -177.850000                  504.230000  
2125.921145       67.276210                  446.997906  
2127.049420      137.620000                  309.160000  
2127.942671       81.930000                  296.330000  
2128.866775      899.920000                  315.970000  
2128.927899     -109.270000                  257.720000  
2129.864668     -227.670000                  305.030000  
2129.992270       -2.070000                  365.610000  
2131.850731      230.160000                  246.910000  
2131.914749       27.860000                  285.540000  
2131.978454      142.860000                  256.810000  
2133.083005     -260.986257                  675.886473  
2133.887677      689.940000                  600.890000  
2133.970402       25.100000                  276.910000  
2134.058758      532.210000                  320.200000  
2136.824184     -245.210000                  220.070000  
2136.932446        6.170000                  283.630000  
2136.999547       53.040000                  311.630000  
2137.062575      375.470000                  346.730000  
2137.819094       28.930000                  235.120000  
2137.889646     -229.790000                  224.070000  
2137.952655     -112.640000                  227.900000  
2138.025937      151.050000                  488.430000  
2138.089190      175.430000                  374.950000  
2139.894711     -105.840000                  271.270000  
2139.961905      843.350000                  315.630000  
2140.029584      573.440000                  348.840000  
2141.842689     -465.010000                  551.190000  
2142.058956     -794.720000                  501.580000  
2143.909716      175.970000                  246.620000  
2143.972714      346.580000                  314.960000  
2144.047656      385.420000                  456.770000  
2144.977629      407.050000                  242.890000  
2145.040923      558.700000                  599.120000  
2146.056680      576.250000                  533.480000  
2148.861181     -201.910000                  349.240000  
2149.082152      272.240000                  402.900000  
2149.848408      636.590000                  416.340000  
2150.860663      254.280000                  257.090000  
2151.987164      410.060000                  364.610000  
2152.844771     -272.420000                  353.770000  
2152.929422       43.450000                  513.440000  
2153.848945      224.740000                  333.760000  
2153.913239      590.540000                  335.050000  
2154.845751      295.430000                  289.970000  
2154.912417      440.820099                  522.752300  
2154.990588     -222.920000                  305.210000  
2155.073878     -374.780000                  602.990000  
2155.866080      161.370000                  298.860000  
2160.848035     -344.340000                  247.560000  
2160.929608      -91.640000                  319.790000  
2161.937208      152.740000                  440.900000  
2162.036476      301.060000                  328.010000  
2162.865544       29.540000                  284.900000  
2162.941973      114.580000                  294.250000  
2163.031022      203.760000                  334.290000  
2163.857267      232.050000                  236.750000  
2163.943283       52.840000                  241.340000  
2164.017952      173.320000                  322.650000  
2166.910362       82.540000                  319.970000  
2166.989179      476.620000                  592.750000  
2168.868469      452.920000                  374.390000  
2169.876126      366.310000                  391.750000  
2169.957697      692.150000                  392.950000  
2170.020527      -57.060000                  348.820000  
2170.853674      -74.240000                  331.840000  
2171.845522       25.520000                  251.090000  
2171.929107      146.650000                  336.900000  
2172.009001      149.700000                  342.730000  
2174.894109     -283.460000                  545.380000  
2176.880222     -836.890000                  405.120000  
2176.942611      517.580000                  649.460000  
2177.005644      599.630000                  672.480000  
2180.869591      128.330000                  404.270000  
2184.906205      341.090000                  582.000000  
2185.913052     -835.660000                  521.330000  
2188.935444       36.210000                  614.290000  
2193.898641      814.850000                  316.320000  
2194.875003      394.240000                  270.170000  
2194.937624      524.510000                  291.510000  
2198.923181      817.900000                  470.110000  
2204.910906      522.680000                  579.650000  
2206.893259     -402.030000                  415.580000  
2208.911325      974.150000                  359.590000  
2339.178527      -34.512328                  456.807248  
2345.152877      345.045326                  563.202107  
2347.138055      832.149141                  655.094550  
2348.137910     -481.446422                  632.652961  
2348.208820       13.319375                  539.837072  
2358.133596     -614.090000                  616.540000  
2367.156503      487.114952                  222.817672  
2368.089162       19.878834                  287.034434  
2373.120187        7.220000                  209.630000  
2374.120762      236.200000                  195.740000  
2374.188731       12.500000                  201.690000  
2375.042885      239.690000                  290.140000  
2377.050103     -337.300000                  234.570000  
2377.117314      122.680000                  199.860000  
2378.078513      -70.230000                  329.080000  
2378.161860      125.160000                  271.740000  
2378.232161     -298.840000                  274.660000  
2379.124465     -810.300000                  449.150000  
2379.233168     -143.560000                  213.970000  
2380.059376     -555.930000                  349.180000  
2380.139977     -194.389380                  273.024478  
2380.225404       59.180000                  208.180000  
2381.043360      189.880000                  212.530000  
2381.119390       23.760000                  209.800000  
2381.190479       26.800000                  201.040000  
2381.260583     -203.390000                  327.520000  
2382.066830      124.890000                  191.210000  
2384.128313       25.070000                  270.570000  
2384.196813      140.744370                  219.865804  
2385.012417      -31.271577                  243.178497  
2385.079484      175.060000                  182.960000  
2390.073514     -204.560000                  517.850000  
2394.167661      503.700000                  237.880000  
2394.239975      -99.570000                  349.820000  
2399.036962     -696.371695                  434.549970  
2399.105178      293.400000                  338.650000  
2400.171685     -138.070000                  518.890000  
2402.112676      -86.390000                  301.960000  
2402.198076       25.740000                  268.180000  
2406.046503       17.110000                  269.040000  
2406.137245       83.400000                  320.340000  
2406.204655        0.980021                  427.496158  
2407.105320        7.810000                  202.240000  
2407.172825     -286.730000                  248.290000  
2407.244032      -31.820000                  273.400000  
2408.013981     -278.640000                  224.540000  
2408.096440      180.350000                  213.090000  
2408.167868      -14.300000                  306.090000  
2410.010879     -229.220000                  248.670000  
2410.106538      168.660000                  218.910000  
2410.181959      397.140000                  262.230000  
2411.954469       97.800000                  353.290000  
2412.039015      -74.970000                  416.130000  
2413.115522      785.670000                  587.350000  
2414.194330      444.610000                  201.110000  
2416.223196       -3.430000                  294.460000  
2419.007745      -34.070000                  218.430000  
2419.084809      116.190000                  219.760000  
2420.019348      646.400000                  647.490000  
2420.098054       23.000000                  352.600000  
2420.185703        2.600000                  378.680000  
2420.970783     -938.590000                  634.090000  
2421.044998      462.959663                  532.694501  
2423.989472      668.070000                  247.710000  
2424.089291      169.340000                  242.150000  
2424.162956      -78.290000                  254.460000  
2425.268212      -14.980000                  254.440000  
2425.969528      117.160000                  232.880000  
2426.036596     -124.430000                  283.380000  
2426.104383     -157.130000                  188.870000  
2426.182805     -265.280000                  229.720000  
2426.249792     -346.180000                  195.720000  
2430.990983       38.480000                  283.920000  
2431.084453     -399.670000                  362.730000  
2431.227934     -673.770000                  587.710000  
2431.295552      -25.700000                  640.590000  
2431.944921       48.040000                  367.830000  
2432.123814     -671.570000                  407.070000  
2432.190529     -383.280000                  253.840000  
2432.262921     -742.150000                  492.360000  
2433.015521      -96.210000                  398.940000  
2433.021198     -433.890000                  480.000000  
2433.026319      359.600000                  366.150000  
2433.031771     -479.420000                  328.830000  
2433.036620      600.500000                  330.600000  
2433.062096     -375.760000                  378.940000  
2433.084609     -142.460000                  248.650000  
2433.106784      372.110000                  310.450000  
2433.163817      461.710000                  253.830000  
2433.242048      474.910000                  292.060000  
2435.036635     -531.438626                  556.785754  
2435.146617      111.300000                  300.010000  
2435.218008       53.230000                  321.390000  
2435.285676      903.510000                  430.040000  
2438.977730    -1008.564047                  570.817983  
2441.256524      207.380000                  433.860000  
2443.943937     -507.090000                  411.010000  
2444.011519       68.870000                  217.470000  
2444.080020     -177.850000                  245.040000  
2444.205873     -786.840000                  595.040000  
2445.012329      124.050000                  226.580000  
2445.113024      179.470000                  208.520000  
2445.194535      501.080000                  234.510000  
2445.266098      118.680000                  291.740000  
2446.885969      -42.010000                  356.580000  
2446.957682     -187.860000                  232.120000  
2447.026339      164.900000                  176.300000  
2447.177839     -577.200000                  408.840000  
2448.240508     -652.710000                  581.510000  
2448.998099     -104.870000                  340.960000  
2449.102207      741.950000                  319.680000  
2449.177654      385.420000                  461.260000  
2453.910456     -192.770000                  192.270000  
2453.994881     -209.830000                  277.340000  
2454.119718     -339.770000                  309.020000  
2456.860992     -537.940000                  325.340000  
2456.930233      164.450000                  369.510000  
2457.027321      482.680000                  223.110000  
2457.113165     -313.630000                  334.630000  
2457.188094      332.040000                  275.870000  
2458.914235     -818.540000                  413.870000  
2459.093543      171.780000                  462.740000  
2463.009970      467.080000                  215.950000  
2464.156080      809.100000                  228.690000  
2464.880662     -309.880000                  221.680000  
2464.956962      418.740000                  249.490000  
2465.045148       -3.260000                  465.230000  
2465.126326     -119.180000                  285.280000  
2465.988187       58.689890                  348.532085  
2472.935693     -268.291868                  293.173820  
2477.868428      698.780000                  490.480000  
2477.921642      451.510000                  541.690000  
2480.125754       82.500000                  346.960000  
2480.193944      364.640000                  647.100000  
2482.825890      -12.910000                  341.950000  
2482.894839      432.830000                  279.940000  
2482.965686       36.400000                  205.710000  
2483.082526     -114.560000                  228.800000  
2483.164315      546.770000                  601.660000  
2483.994425      -36.420000                  313.050000  
2484.102382     -159.710000                  247.460000  
2485.110924      -14.040000                  648.510000  
2485.875661     -452.720000                  204.980000  
2486.011133      -74.390000                  209.960000  
2486.154834      237.650000                  374.000000  
2486.813441     -310.480000                  251.870000  
2486.863525      301.180000                  305.530000  
2486.932931       -1.590000                  237.580000  
2487.000849      -46.180000                  222.360000  
2487.094992        8.790000                  229.220000  
2487.165498      272.410000                  311.860000  
2487.891692     -112.420000                  231.950000  
2487.972405     -326.010000                  454.240000  
2488.118084      109.350000                  265.880000  
2490.910287       75.360000                  319.340000  
2490.981360      284.470000                  267.860000  
2491.075224       66.850000                  258.430000  
2491.144138       99.130000                  391.430000  
2492.859597      -73.140000                  233.650000  
2492.928064      513.200000                  216.160000  
2493.002105      484.150000                  233.930000  
2493.091613     -375.260000                  552.840000  
2495.890158       26.680000                  287.060000  
2495.958405      493.250000                  234.310000  
2496.061314     -487.140000                  427.250000  
2496.129179      215.130000                  410.130000  
2501.843264      149.880000                  220.840000  
2502.001082     -100.230000                  382.170000  
2502.849372      218.140000                  263.590000  
2502.919042     -104.480000                  282.600000  
2502.999933      124.310000                  255.070000  
2506.849583     -145.800000                  276.470000  
2506.919213     -436.390000                  333.740000  
2506.992060     -613.040000                  270.060000  
2507.079727     -536.170000                  577.500000  
2507.816008       45.240000                  243.240000  
2507.899323      -39.770000                  259.410000  
2508.002747     -140.200000                  322.750000  
2508.083798      930.110000                  319.250000  
2508.849985     -162.800000                  428.520000  
2508.917178      923.580000                  581.370000  
2508.984249      151.903245                  409.842306  
2509.074005      -72.270000                  537.990000  
2513.818013     -150.070000                  218.400000  
2513.885177      -36.500000                  278.770000  
2513.952874      455.060000                  359.490000  
2514.034695     -434.780000                  331.880000  
2514.820915     -379.240000                  298.890000  
2514.892240       32.340000                  250.920000  
2514.958785       60.160000                  253.990000  
2515.050317      613.550000                  281.770000  
2516.833728       86.250000                  249.140000  
2516.912951       43.340000                  245.690000  
2516.980248       93.460000                  342.580000  
2517.070384      513.320000                  326.290000  
2517.868518      205.220000                  213.900000  
2517.948736      699.380000                  524.300000  
2518.044804      909.290000                  413.610000  
2520.827171     -256.230000                  231.420000  
2520.894705      232.520000                  249.350000  
2520.991068      194.290000                  337.360000  
2521.943935     -347.610000                  322.570000  
2522.010990      133.030000                  289.660000  
2522.850252     -317.040000                  235.680000  
2526.019830     -781.120000                  642.540000  
2531.822732     -349.830000                  366.500000  
2531.968916      554.280000                  687.880000  
2533.873316    -1133.427623                  490.816647  
2539.842154     -584.240000                  358.310000  
2542.840776     -292.340000                  271.940000  
2542.915427      102.980000                  323.160000  
2544.868828      -43.140000                  252.330000  
2544.953583      107.870000                  283.460000  
2547.852511      730.150000                  253.470000  
2547.918055     -391.460000                  415.520000  
2547.923049     -681.010000                  429.160000  
2547.926567     -824.510000                  571.940000  
2547.930096     -295.090000                  575.470000  
2547.933614      729.210000                  631.010000  
2547.938880      268.430000                  663.170000  
2547.968287     -403.000000                  691.630000  
2549.856296     -230.460000                  356.770000  
2551.843765      478.800000                  307.990000  
2551.848302      979.140000                  336.430000  
2551.855270     -773.930000                  519.470000  
2551.863104        3.260000                  310.810000  
2551.868555      -24.980000                  346.630000  
2551.874897      -31.630000                  347.170000  
2551.881053     -238.400000                  363.390000  
2551.884572       -0.840000                  436.710000  
2551.894056        3.870000                  389.940000  
2551.897568     -107.850000                  350.750000  
2551.901069      240.710000                  289.420000  
2551.905796      110.010000                  343.880000  
2551.909314     -822.490000                  408.970000  
2551.912839     -368.380000                  365.090000  
2551.916987      652.660000                  312.330000  
2551.920505      147.130000                  289.530000  
2551.924018     -824.490000                  484.140000  
2551.928341     -542.380000                  416.530000  
2551.931853      208.300000                  586.970000  
2551.944080     -783.560000                  493.730000  
2552.840978     -549.370000                  398.070000  
2552.850277      -95.480000                  347.640000  
2552.859633     -296.750000                  359.350000  
2552.869060     -617.190000                  355.550000  
2552.878099     -356.410000                  277.230000  
2552.915554      -74.750000                  348.840000  
2552.924917     -225.240000                  305.600000  
2552.934794      114.830000                  355.800000  
2552.944446     -124.910000                  437.070000  
2552.953739     -728.200000                  485.260000  
2553.837901     -279.060000                  243.230000  
2553.847553      -40.040000                  348.310000  
2553.856869       59.330000                  309.530000  
2553.866267     -515.450000                  335.090000  
2553.875767     -270.760000                  246.350000  
2554.827928     -411.510000                  260.580000  
2554.837145       35.540000                  383.150000  
2554.846265     -190.650000                  344.500000  
2554.855754     -165.850000                  353.450000  
2554.865042       39.330000                  331.760000  
2554.874110     -359.430000                  283.940000  
2554.883413     -796.640000                  554.670000  
2554.892892        0.340000                  355.510000  
2554.902453        5.670000                  426.620000  
2561.889356      257.610000                  390.460000  
2561.963314       73.310000                  324.080000  
2569.880132      321.770000                  370.630000  
2570.892995     -129.240000                  329.410000  
2574.899399     -426.640000                  559.020000  
2706.156953      360.510000                  273.240000  
2707.160147      298.410000                  319.550000  
2708.130344       65.600000                  205.340000  
2708.202400      590.930000                  219.810000  
2709.119295      200.110000                  259.240000  
2712.110317     -235.750000                  303.220000  
2712.183385      469.400000                  266.120000  
2713.111155     -116.700000                  370.330000  
2713.183594     -574.770000                  416.760000  
2715.122512      198.560000                  295.560000  
2715.189892      585.540000                  253.610000  
2716.122854     -362.630000                  339.140000  
2716.209679      -79.670000                  286.700000  
2717.237645      134.310000                  298.820000  
2718.136745      158.780000                  281.660000  
2718.230499      -19.290000                  259.550000  
2719.102906      613.170000                  302.380000  
2719.170043      -44.390000                  410.280000  
2721.082386      451.400000                  333.250000  
2721.149834     1020.440000                  573.260000  
2721.218041     -195.010000                  475.630000  
2723.105225       91.040000                  620.620000  
2723.174694      130.330000                  617.210000  
2724.105219      327.350000                  376.350000  
2724.184185     -226.930000                  324.030000  
2725.088129       86.141613                  360.500702  
2725.164230     -142.793505                  494.388823  
2725.234890     -688.475845                  461.636412  
2726.083719      331.430000                  345.990000  
2726.158137       54.000000                  301.150000  
2731.078239      216.470000                  347.010000  
2732.043524     -581.460000                  598.700000  
2732.111619      -19.740000                  266.320000  
2732.189388      -47.480000                  270.200000  
2738.071595     -395.330000                  292.660000  
2738.182238      483.440000                  223.770000  
2738.249721     -280.174622                  315.694033  
2740.124399      346.260000                  288.830000  
2740.205981      210.950000                  264.030000  
2741.096850     -133.170000                  245.730000  
2741.188525      240.380000                  235.070000  
2742.149285      163.560000                  248.050000  
2743.031733      184.580000                  246.670000  
2743.118223     -471.490000                  280.530000  
2743.205462      230.316057                  263.192975  
2744.049043     -692.630000                  334.090000  
2749.021998      252.780000                  334.610000  
2749.091697       -4.270000                  249.080000  
2749.175252       78.000000                  295.590000  
2750.089193     -735.790000                  431.520000  
2751.060212     -637.790000                  466.230000  
2751.210405      318.090000                  402.920000  
2754.082603     -879.800000                  425.290000  
2754.253144      363.570000                  383.310000  
2755.040472      -38.780000                  284.690000  
2755.210335       55.670000                  445.470000  
2757.008814      494.240000                  266.300000  
2757.076378      345.340000                  289.080000  
2757.154226        8.780000                  234.680000  
2757.222396      675.750000                  373.980000  
2758.015024      143.620000                  327.390000  
2758.121345       16.050000                  255.650000  
2758.251772      307.750000                  297.040000  
2759.020722     -434.270000                  354.220000  
2759.105757     -209.220000                  261.760000  
2759.235935    -1007.617435                  436.496759  
2762.044281      402.376551                  646.905695  
2762.212499      169.009065                  323.231285  
2764.164356      188.821079                  412.972470  
2764.271239      203.187295                  381.638083  
2765.026433        4.720000                  240.050000  
2765.096287      609.610000                  240.040000  
2765.167328     -218.480000                  433.740000  
2765.250794     -333.120000                  278.780000  
2767.086762       67.510000                  349.270000  
2767.158133      389.880000                  242.390000  
2767.236281      146.513130                  289.155512  
2770.100223      307.940000                  660.060000  
2770.987115      125.910417                  437.248034  
2771.062611      278.281400                  325.170947  
2771.131806      559.068535                  345.321402  
2771.201649      482.972136                  315.474419  
2771.279570       84.003386                  522.765330  
2771.969353     -403.050000                  464.040000  
2773.160059       73.360000                  230.770000  
2773.969408      295.280000                  301.530000  
2774.150084      402.450000                  242.180000  
2774.235969      223.260000                  271.320000  
2775.016611     -160.010000                  274.860000  
2775.085475      273.600000                  252.720000  
2775.122486      191.120000                  324.850000  
2775.169444      143.850000                  317.300000  
2775.241417       15.380000                  300.400000  
2775.996270      -88.400000                  359.310000  
2776.073132      -14.320000                  281.130000  
2776.152755     -376.160000                  353.910000  
2776.221392      205.120000                  333.450000  
2782.959884     -342.160000                  279.190000  
2783.028990       72.100000                  413.890000  
2784.165520      406.010000                  346.190000  
2784.282203      385.250000                  305.970000  
2787.042729      178.340000                  408.510000  
2790.134987      315.930000                  233.130000  
2792.921097      -88.360000                  340.850000  
2794.144024     -115.330000                  477.630000  
2794.956584      237.160000                  306.860000  
2795.080598      384.580000                  283.420000  
2795.148407      826.130000                  268.900000  
2795.235648      700.540000                  284.620000  
2795.939135      307.820000                  478.610000  
2796.038490      321.430000                  198.540000  
2796.138244      235.530000                  548.120000  
2800.896142      895.550000                  292.950000  
2800.975339      232.560000                  250.590000  
2801.057753      536.130000                  249.070000  
2801.146112       62.050000                  272.030000  
2802.034173      329.500000                  386.150000  
2802.111187     -189.720000                  270.330000  
2802.231444      444.840000                  250.410000  
2802.876729      606.360000                  387.790000  
2802.954634     -252.630000                  277.170000  
2803.022211      435.750000                  235.040000  
2803.079536      373.944807                  333.884558  
2803.084970      -15.479876                  339.812460  
2803.090358      107.935942                  389.414994  
2803.095155      -58.088514                  459.109517  
2803.099993      -26.237833                  475.385549  
2803.104797      245.929572                  592.678464  
2803.109537      159.331358                  522.484353  
2803.115030      446.522039                  420.186427  
2803.121152      333.942134                  500.652159  
2803.124665      606.644096                  377.151369  
2803.136713       64.492060                  357.761320  
2803.140232       20.847718                  356.942557  
2803.143762      283.738334                  328.558924  
2803.147292      964.418558                  392.441366  
2803.152332      714.624585                  393.332628  
2803.155862      740.962648                  360.902510  
2803.159393      305.777669                  432.162060  
2803.162917      -42.653184                  436.993229  
2803.168154      -80.317170                  463.303116  
2803.171674      275.062922                  384.614117  
2803.182651      102.434461                  429.132681  
2803.186170      664.487605                  463.508586  
2803.189700      741.486068                  437.235895  
2803.193224      223.645232                  534.834621  
2803.198838      324.108515                  540.833018  
2803.202357      327.371539                  408.537096  
2803.205887      535.447803                  451.692095  
2803.209416      -75.405929                  407.775798  
2803.222183        9.555204                  615.149230  
2803.225696      350.669310                  520.249571  
2803.229214       48.299441                  549.296835  
2803.232739      722.509299                  660.024389  
2803.241843       87.756420                  550.351360  
2803.261808       16.303985                  668.455019  
2803.265321     -518.720627                  593.892020  
2803.268845      727.910551                  511.626612  
2803.272421      249.727153                  491.437958  
2803.278335      765.006571                  471.944228  
2803.943510     -378.620000                  427.450000  
2803.947029      376.060000                  553.220000  
2803.950553      -14.080000                  609.700000  
2803.954077      354.560000                  519.930000  
2803.959784     1774.290000                  486.410000  
2803.963302     1009.340000                  452.090000  
2803.970339     1121.590000                  522.390000  
2803.975802      276.430000                  484.720000  
2806.822535     1286.660000                  612.870000  
2806.937506      888.490000                  320.870000  
2807.092416      689.770000                  323.840000  
2807.169106     -145.070000                  317.610000  
2807.250322      215.680000                  420.340000  
2807.823060      -67.430000                  354.810000  
2807.898395      -39.870000                  352.680000  
2807.968442      -47.200000                  243.460000  
2808.047883      507.430000                  269.550000  
2808.123965      438.660000                  373.270000  
2808.194937      803.360000                  270.440000  
2812.059124      -35.230000                  648.230000  
2814.892710      410.120000                  528.150000  
2814.900234      456.490000                  422.390000  
2814.906836      775.250000                  469.980000  
2814.917010      433.920000                  319.030000  
2814.920523      671.010000                  284.900000  
2814.929111      699.740000                  252.630000  
2814.932629      225.780000                  245.630000  
2814.936159      760.980000                  236.410000  
2814.939684      342.250000                  265.020000  
2814.969921      342.760000                  221.680000  
2815.159493      887.780000                  284.730000  
2815.822950      435.700000                  329.000000  
2815.913286      414.940000                  263.940000  
2815.986398      383.880000                  190.730000  
2816.087532      347.250000                  300.530000  
2816.151363      141.920000                  252.940000  
2816.921521      785.000000                  209.960000  
2817.010282      219.250000                  283.980000  
2817.098105      545.700000                  250.900000  
2817.173673      596.990000                  426.950000  
2821.856806      941.540000                  437.120000  
2821.934994      620.800000                  338.160000  
2822.008378      606.100000                  541.360000  
2822.842209      822.070000                  416.940000  
2822.915129      544.690000                  299.900000  
2822.987073     1850.060000                  366.830000  
2823.835236      366.680000                  374.650000  
2823.917689      573.720000                  294.540000  
2824.047402      535.840000                  386.600000  
2824.847932      899.510000                  269.500000  
2825.871233     1210.680000                  329.740000  
2825.944409      844.200000                  207.680000  
2826.037856     1186.790000                  299.530000  
2826.117078      986.890000                  295.840000  
2826.184699      933.420000                  296.550000  
2826.829263      675.960000                  251.980000  
2826.901870     1675.430000                  338.080000  
2826.973414      773.520000                  320.660000  
2827.833244     1176.110000                  324.990000  
2827.938964     1095.020000                  383.730000  
2828.012273      967.240000                  361.920000  
2828.120488     1172.840000                  367.170000  
2828.843740     1545.680000                  410.780000  
2828.989495     1059.430000                  539.800000  
2830.009212     1671.740000                  340.520000  
2830.126333     1005.670000                  316.600000  
2830.212037     1460.120000                  330.910000  
2831.888846     1856.280000                  434.150000  
2832.124759     1411.240000                  440.190000  
2832.217864     1349.670000                  561.940000  
2834.881850     1976.150000                  583.290000  
2834.981806     1485.800000                  589.830000  
2835.074512     2219.100000                  376.340000  
2835.145423     2347.590000                  439.290000  
2836.822347     2058.610000                  331.760000  
2836.893808     3134.110000                  630.090000  
2836.963898     2378.300000                  245.610000  
2837.046446     2327.310000                  359.720000  
2837.122306     2806.700000                  258.150000  
2837.194584     2459.980000                  363.610000  
2837.812199     2512.600000                  345.330000  
2837.882971     3233.280000                  378.980000  
2838.042479     2937.210000                  266.720000  
2838.812223     3640.680000                  310.550000  
2838.893052     2391.910000                  309.880000  
2838.967071     2894.790000                  511.260000  
2840.832449     3420.150000                  375.520000  
2840.904338     3461.570000                  232.220000  
2841.137355     4000.460000                  262.380000  
2841.927447     5242.600000                  262.750000  
2842.038836     7437.700000                  269.980000  
2842.117358     4776.660000                  250.380000  
2842.125250     4118.790000                  256.800000  
2842.130945     3965.320000                  235.970000  
2842.139162     3460.230000                  243.120000  
2842.144659     2582.250000                  267.760000  
2842.150510     2441.170000                  331.390000  
2842.156279     2804.110000                  293.360000  
2842.161777     2849.040000                  265.310000  
2842.167285     3086.480000                  436.100000  
2842.172922     2828.380000                  244.330000  
2842.178778     2790.430000                  300.010000  
2842.184346     2866.000000                  286.820000  
2842.189981     2774.480000                  296.510000  
2842.195675     3045.870000                  305.310000  
2842.201479     2425.790000                  349.900000  
2842.819472     2981.900000                  209.420000  
2842.825137     2647.540000                  482.420000  
2842.830774     2800.860000                  281.370000  
2842.836924     3079.660000                  326.630000  
2842.842612     3025.370000                  299.590000  
2842.848227     3066.620000                  433.750000  
2842.853811     2811.480000                  223.580000  
2842.859281     2819.887743                  655.493351  
2842.865297     3161.710000                  346.380000  
2842.871814     3069.870000                  579.850000  
2842.877472     3298.690000                  263.570000  
2842.883526     3390.510000                  255.410000  
2842.889150     2754.320000                  213.420000  
2842.895175     3158.140000                  223.560000  
2842.904311     3082.910000                  215.690000  
2842.910410     3012.760000                  232.030000  
2842.916638     3206.290000                  304.160000  
2842.923187     3250.090000                  320.710000  
2842.941832     2332.200000                  283.860000  
2842.959773     3295.170000                  244.120000  
2842.977919     3037.950000                  242.270000  
2842.996055     2956.940000                  446.330000  
2843.031724     3166.520000                  242.000000  
2843.078030     2907.100000                  287.390000  
2843.115829     2899.830000                  237.950000  
2843.161256     3004.640000                  283.230000  
2843.199280     2446.120000                  349.310000  
2843.840650     3374.000000                  211.820000  
2843.911202     3041.100000                  255.970000  
2844.138083     2976.500000                  408.840000  
2844.148187     3310.070000                  390.200000  
2844.157908     3410.410000                  427.190000  
2844.167636     3402.780000                  299.790000  
2844.177907     3974.890000                  368.820000  
2844.907287     3463.610000                  211.750000  
2844.936111     3606.150000                  267.580000  
2845.010743     3776.130000                  207.080000  
2845.098383     3242.260000                  245.380000  
2845.149967     3890.650000                  245.110000  
2845.804771     2919.340000                  338.120000  
2845.814522     3761.380000                  267.020000  
2845.825522     3484.670000                  241.610000  
2845.832258     3588.870000                  226.840000  
2845.839237     3249.890000                  379.080000  
2845.902578     3471.040000                  353.920000  
2845.948305     3758.960000                  239.380000  
2845.993078     3203.640000                  373.870000  
2848.103620     4158.880000                  327.390000  
2848.863475     3875.160000                  415.200000  
2848.870505     4056.120000                  298.470000  
2848.876778     3756.520000                  397.210000  
2848.886794     4190.360000                  538.060000  
2848.895325     3941.450000                  380.030000  
2848.901064     3530.530000                  478.460000  
2848.949407     3822.250000                  414.370000  
2848.960494     3796.260000                  360.500000  
2848.967890     4145.770000                  580.970000  
2848.973966     4584.910000                  339.570000  
2848.982513     3968.010000                  307.130000  
2848.986037     3726.780000                  258.790000  
2848.989556     4093.970000                  248.440000  
2849.007355     3663.720000                  353.720000  
2849.827032     4201.170000                  246.750000  
2849.832766     3955.450000                  237.000000  
2849.866184     3286.940000                  237.000000  
2849.893451     3758.510000                  238.910000  
2849.931725     3864.860000                  271.710000  
2849.966376     3545.730000                  318.660000  
2850.163292     3530.514288                  469.525135  
2850.848003     3831.020000                  275.840000  
2850.853414     3771.540000                  293.770000  
2850.880629     3771.620000                  290.580000  
2850.927539     3771.978083                  622.266521  
2850.954236     3942.510000                  297.250000  
2851.010876     3729.980000                  316.690000  
2851.041887     3861.480000                  358.990000  
2851.073748     3719.300000                  253.670000  
2851.104429     2940.530000                  297.820000  
2851.148344     4022.930000                  252.670000  
2851.186641     4245.020000                  310.370000  
2851.800528     3708.380000                  308.780000  
2851.840914     3386.140000                  274.410000  
2851.863975     3417.990000                  247.500000  
2851.919740     3535.090000                  211.620000  
2851.984447     3711.200000                  326.050000  
2851.993919     3283.910000                  303.110000  
2852.022107     3689.680000                  561.900000  
2854.905593     2835.580000                  249.820000  
2854.911137     2952.770000                  252.930000  
2854.921419     3067.700000                  367.060000  
2854.928878     3249.900000                  243.220000  
2854.957424     2908.480000                  292.910000  
2854.992820     3212.400000                  263.750000  
2855.053026     2853.340000                  276.630000  
2855.086629     2992.730000                  242.660000  
2855.097132     3580.600000                  256.870000  
2855.124098     2614.730000                  278.400000  
2855.826179     2930.251464                  382.992628  
2855.872987     2702.129318                  462.603181  
2855.899635     2769.605987                  301.216674  
2855.905149     2854.845535                  397.900973  
2855.919437     2997.104484                  298.463260  
2855.953571     2807.748847                  455.388222  
2856.003141     2600.374190                  245.356928  
2856.054617     2980.833909                  336.142504  
2856.084686     2808.417043                  449.996102  
2856.140290     3407.978261                  550.755173  
2856.802068     2719.270000                  438.690000  
2856.821290     2526.980000                  351.810000  
2856.835289     2947.350000                  409.610000  
2856.869360     2466.120000                  560.160000  
2856.926047     2979.220000                  295.230000  
2856.960054     2233.350000                  400.090000  
2857.023002     2767.840000                  224.170000  
2857.060702     2518.770000                  246.950000  
2857.109056     1913.410000                  351.580000  
2857.150893     2420.640000                  304.580000  
2857.801725     1863.630000                  387.830000  
2858.805840     2112.560000                  336.120000  
2858.823570     2040.630000                  311.520000  
2858.841648     1922.720000                  229.360000  
2858.860507     1706.240000                  277.180000  
2858.877994     2719.780000                  253.780000  
2858.915399     2636.500000                  299.860000  
2858.973391     2005.570000                  243.400000  
2859.033330     2822.030000                  387.960000  
2859.072975     2325.790000                  264.550000  
2859.120089     1943.340000                  271.150000  
2859.134179     2241.750000                  310.120000  
2859.808855     3077.390000                  546.480000  
2859.838830     2242.000000                  527.120000  
2859.886663     2639.190000                  582.040000  
2859.978207     1649.030000                  660.120000  
2860.866073     2068.790000                  457.500000  
2860.908449     1466.240000                  521.580000  
2860.938817     1644.810000                  418.400000  
2860.985360     1797.070000                  395.450000  
2861.002846     2250.640000                  451.080000  
2861.099078     2038.870000                  467.630000  
2861.145868     1607.320000                  653.620000  
2861.799583     2017.480000                  362.890000  
2861.825976     1833.130000                  352.550000  
2861.881493     1732.150000                  349.150000  
2861.956853     1734.380000                  479.970000  
2863.976336     1446.880000                  466.150000  
2863.985687     1589.830000                  543.650000  
2864.069014     2075.320000                  357.490000  
2865.808570      103.060000                  610.530000  
2866.987786     1459.000000                  610.580000  
2867.044367     -327.350000                  572.780000  
2867.078432      611.210000                  538.360000  
2867.799563     1623.290000                  508.890000  
2868.907485      723.530000                  361.810000  
2868.974940     1191.800000                  338.690000  
2869.053788      901.700000                  539.170000  
2869.133249     1945.830000                  616.730000  
2869.798132      966.740000                  296.050000  
2869.827806     1143.430000                  240.010000  
2869.874312     1266.470000                  328.900000  
2869.900120     1185.480000                  260.320000  
2869.949943      976.130000                  250.870000  
2869.975607     1052.260000                  347.210000  
2870.032708      848.740000                  475.930000  
2870.944752     1169.060000                  238.420000  
2870.974282      706.880000                  380.680000  
2871.069198      522.560000                  484.500000  
2873.928858      599.440000                  473.720000  
2873.939181     1157.940000                  351.730000  
2873.971377      490.780000                  271.100000  
2873.980625      926.430000                  328.430000  
2873.989901     1033.360000                  299.590000  
2874.010362      279.870000                  338.130000  
2874.023735      551.050000                  238.440000  
2874.037339     1041.370000                  284.730000  
2874.066555      693.290000                  297.410000  
2874.116770     1173.910000                  383.860000  
2874.798531     1173.210000                  275.360000  
2874.828377      829.320000                  344.290000  
2874.874439      490.700000                  375.890000  
2874.904002     1035.950000                  237.310000  
2874.953726     1093.240000                  248.310000  
2875.824579      431.300000                  358.330000  
2875.860403      804.320000                  213.250000  
2875.926965      304.540000                  329.750000  
2875.956846      973.530000                  496.200000  
2876.002190      635.730000                  348.220000  
2876.045324      844.810000                  508.610000  
2876.088583      234.520000                  615.060000  
2880.119816     1523.250000                  331.030000  
2881.873023      592.050000                  266.460000  
2882.070395      411.430000                  346.170000  
2883.929572      236.390000                  271.860000  
2884.839037      231.030000                  322.010000  
2884.876939      660.820000                  358.940000  
2884.942477      482.730000                  294.640000  
2884.968470      415.590000                  334.150000  
2888.034389     1012.420000                  693.100000  
2892.894385       68.030000                  339.890000  
2892.973476      280.580000                  260.050000  
2893.045129       16.160000                  504.960000  
2893.825350      596.670000                  288.370000  
2893.892622     -103.760000                  501.150000  
2893.970399      169.630000                  380.630000  
2897.032226     1625.260000                  609.030000  
2903.849926      -96.690000                  289.050000  
2903.945055      461.390000                  232.450000  
2904.053309      347.980000                  346.280000  
2904.876225      346.360000                  237.440000  
2904.946722      362.630000                  256.630000  
2905.013052      436.150000                  266.290000  
2905.864803      385.400000                  389.630000  
2905.947174      293.820000                  588.880000  
2906.011483      569.780000                  593.540000  
2909.851898      648.870000                  614.260000  
2911.865271     -312.210000                  330.670000  
2911.936017     -151.550000                  338.040000  
2912.857216       20.050000                  278.500000  
2913.854972      216.870000                  336.650000  
2913.926660      386.210000                  381.100000  
2917.897552      397.580000                  414.600000  
2918.928420     -237.410000                  531.610000  
2919.873526     -189.610000                  679.170000  
2920.846153     -810.570000                  695.150000  
2922.846054      646.840000                  364.390000  
2922.851303     -509.290000                  630.270000  
2922.878007      638.010000                  295.400000  
2922.931562     -259.980000                  350.440000  
2922.958718     -306.280000                  441.640000  
2923.917487     -728.340000                  547.880000  
2926.853495     -164.376239                  676.045616  
2926.923528       -9.800209                  429.327015  
2927.859173      456.700893                  380.654053  
2927.926175     -368.064681                  494.002161  
2929.865356     -401.820000                  422.180000  
2931.873705       15.990000                  620.710000  
2931.949324      -47.240000                  427.280000  
2932.880873      -13.630000                  581.190000  
3065.203753     -219.535826                  471.952246  
3069.124668      -16.660356                  425.103236  
3076.200596       18.497895                  429.085351  
3077.164335      195.826002                  494.860124  
3078.131763     -357.284451                  703.021249  
3086.194338     -459.006170                  669.009845  
3089.098620      -91.554001                  587.696283  
3089.181950      434.639285                  339.430808  
3090.112679     -111.243513                  430.703833  
3095.116257      -92.511749                  462.521661  
3095.184412      -84.771811                  370.313050  
3096.110023      -89.961467                  466.530949  
3096.183479     -265.129073                  359.328352  
3100.085728      221.997015                  509.072655  
3100.229735      143.829209                  570.614518  
3107.166091      331.124574                  428.425730  
3107.238180      178.230171                  390.716195  
3108.098191     -137.614985                  542.891619  
3108.171015      -52.809765                  473.109451  
3109.107825      439.272112                  405.821993  
3109.191873       66.084594                  416.931421  
3110.126911       31.015435                  553.841014  
3113.166055      232.487694                  435.954852  
3113.251699      -46.539858                  516.448760  
3114.205493      484.520124                  594.751097  
3118.998322     -360.502929                  464.618460  
3121.067695      -10.301356                  581.261777  
3121.159628      334.020090                  421.134152  
3121.266553      143.495111                  595.534668  
3134.029072      700.781789                  386.478272  
3134.138535       98.770519                  298.769406  
3135.031903      393.823641                  419.502639  
3135.150639       68.089182                  553.106778  
3142.065504      174.332361                  548.674522  
3145.002127      409.648752                  430.482215  
3146.070613       48.689222                  288.887565  
3148.039338      -68.055772                  617.249148  
3148.130801     -403.957948                  537.564982  
3148.229556     -644.296946                  412.015725  
3150.959118     -224.937078                  335.909860  
3151.068439       54.391162                  238.341315  
3151.138176     -142.637593                  376.702118  
3151.211472     -168.519055                  305.045771  
3151.958957      425.874780                  364.103169  
3152.038081      -85.161592                  264.368332  
3152.118136        7.795621                  225.697040  
3152.209505      196.226919                  264.245384  
