2125.68449              19.409                   0.157
2129.73667              19.316                   0.085
2132.67964              19.129                   0.081
2136.58305              19.348                   0.117
2141.59817              19.049                   0.074
2144.68095              19.514                   0.112
2160.63761              19.388                   0.139
2170.57853              19.435                   0.125
2188.53843              19.310                   0.149
2333.87889              19.297                   0.098
2344.84020              19.440                   0.095
2355.89104              19.240                   0.073
2364.88358              19.384                   0.131
2372.89444              19.269                   0.081
2391.92455              19.082                   0.098
2405.83181              19.300                   0.094
2414.88032              19.301                   0.105
2416.89296              19.364                   0.129
2424.75161              19.425                   0.135
2428.73682              19.272                   0.086
2434.77636              19.244                   0.081
2436.82434              19.273                   0.089
2438.79800              19.448                   0.105
2445.67687              19.336                   0.078
2459.68889              19.413                   0.098
2460.70689              19.210                   0.103
2463.58818              19.305                   0.079
2466.61097              19.495                   0.101
2468.73717              19.255                   0.071
2470.72098              19.242                   0.073
2472.74842              19.167                   0.091
2481.60483              19.470                   0.156
2484.66815              19.306                   0.104
2486.53034              19.433                   0.158
2486.76087              19.458                   0.191
2490.74403              19.477                   0.158
2496.53477              19.389                   0.077
2498.55539              19.379                   0.081
2500.59886              19.238                   0.078
2502.61247              19.515                   0.113
2508.71070              19.413                   0.142
2517.56158              19.046                   0.094
2520.62906              19.357                   0.097
2529.49492              19.239                   0.102
2538.54658              19.512                   0.137
2542.57436              19.459                   0.103
2548.50286              19.003                   0.108
2552.53917              19.534                   0.172
2557.50433              19.151                   0.091
2564.52576              19.463                   0.137
2708.85304              19.356                   0.081
2719.85874              19.264                   0.094
2729.88069              19.165                   0.091
2734.81967              19.365                   0.080
2747.74400              19.239                   0.153
2753.92904              19.321                   0.131
2757.85613              19.184                   0.094
2761.90425              19.119                   0.071
2767.85120              19.106                   0.100
2775.76807              19.081                   0.106
2782.68942              19.109                   0.102
2784.61208              19.044                   0.068
2786.83544              18.966                   0.078
2788.64203              19.102                   0.080
2790.74647              19.120                   0.075
2795.63403              19.016                   0.062
2797.64598              18.852                   0.048
2802.73837              18.812                   0.079
2809.76098              18.854                   0.070
2811.68810              18.726                   0.069
2812.81738              18.718                   0.068
2813.86118              18.625                   0.062
2815.84185              18.750                   0.056
2816.86281              18.806                   0.066
2818.63254              18.546                   0.045
2819.80904              18.608                   0.054
2821.69489              18.593                   0.054
2826.81225              18.432                   0.055
2835.68035              17.700                   0.026
2837.68806              17.711                   0.037
2838.82383              17.642                   0.035
2840.74115              17.490                   0.024
2843.69244              17.674                   0.023
2845.68979              17.440                   0.018
2846.51145              17.478                   0.030
2847.47567              17.429                   0.033
2848.67499              17.388                   0.021
2849.64545              17.421                   0.020
2850.47654              17.438                   0.021
2850.57871              17.433                   0.016
2851.66883              17.454                   0.019
2852.58646              17.528                   0.032
2853.47106              17.544                   0.027
2854.59091              17.630                   0.022
2855.61160              17.681                   0.033
2856.55098              17.765                   0.028
2857.50116              17.781                   0.025
2858.71348              17.867                   0.026
2859.57400              17.903                   0.035
2862.47010              18.134                   0.067
2862.74786              18.066                   0.058
2863.49613              18.080                   0.041
2864.52891              18.263                   0.057
2865.56025              18.183                   0.033
2866.61010              18.235                   0.045
2866.64122              18.220                   0.041
2867.63502              18.287                   0.034
2868.58255              18.235                   0.032
2868.71191              18.318                   0.045
2869.56379              18.408                   0.047
2870.65336              18.314                   0.039
2871.47012              18.418                   0.064
2871.63410              18.423                   0.036
2872.55986              18.400                   0.038
2875.50434              18.540                   0.059
2876.57768              18.614                   0.046
2877.51393              18.568                   0.053
2877.53213              18.617                   0.053
2878.50179              18.610                   0.046
2879.58425              18.749                   0.058
2880.69742              18.655                   0.060
2880.71043              18.647                   0.065
2881.66743              18.794                   0.047
2882.50413              18.837                   0.078
2883.59317              18.850                   0.053
2883.62680              18.732                   0.054
2884.58397              18.777                   0.059
2885.55497              18.682                   0.066
2892.55313              18.846                   0.072
2893.48848              18.853                   0.081
2894.52850              18.978                   0.074
2895.61873              18.914                   0.058
2897.63851              18.910                   0.084
2898.55150              19.061                   0.091
2899.63518              18.936                   0.061
2900.48014              18.916                   0.110
2900.63042              18.854                   0.078
2901.50407              18.882                   0.101
2902.47961              18.979                   0.131
2903.49844              18.814                   0.097
2903.57808              18.789                   0.048
2904.53824              18.934                   0.107
2904.61321              18.937                   0.098
2905.48843              19.146                   0.113
2905.55277              19.032                   0.116
2905.62954              18.895                   0.100
2906.49241              19.044                   0.102
2906.58665              18.924                   0.077
2907.48603              18.870                   0.102
2907.60585              19.201                   0.119
2908.49276              19.170                   0.139
2909.49462              19.304                   0.121
2909.57295              18.973                   0.103
2909.63884              18.955                   0.087
2910.48592              18.851                   0.109
2910.54195              19.059                   0.090
2911.52623              19.152                   0.115
2912.47734              19.001                   0.148
2915.48832              19.081                   0.119
2916.52469              19.003                   0.083
2917.51595              19.134                   0.109
2918.50717              19.187                   0.125
2920.51776              18.930                   0.091
2921.50631              19.248                   0.142
2922.51332              19.145                   0.118
2923.52228              19.022                   0.078
2924.52014              19.175                   0.077
2927.51201              19.163                   0.109
2928.52341              19.237                   0.101
2930.51729              19.098                   0.096
2931.51748              19.108                   0.072
2932.52366              19.249                   0.088
2934.53301              19.146                   0.103
2937.52714              19.202                   0.115
2939.52852              19.053                   0.108
2939.53323              19.187                   0.121
2941.50156              19.219                   0.123
2944.52474              19.147                   0.141
2945.51029              19.201                   0.147
2946.51642              19.386                   0.164
2947.50824              19.280                   0.157
2951.50479              19.194                   0.148
2953.50688              19.156                   0.114
3041.87669              19.401                   0.145
3050.87089              19.306                   0.112
3052.86027              19.260                   0.105
3059.83591              19.396                   0.106
3064.85282              19.217                   0.126
3068.80659              19.519                   0.181
3070.88521              19.417                   0.109
3073.84129              19.155                   0.084
3075.87941              19.394                   0.101
3080.78360              19.341                   0.099
3082.91525              19.339                   0.102
3085.84189              19.572                   0.107
3086.91651              19.355                   0.109
3088.83449              19.276                   0.068
3090.74759              19.145                   0.073
3096.90279              19.167                   0.100
3099.79848              19.208                   0.109
3101.78411              19.515                   0.124
3103.80766              19.289                   0.090
3104.86635              19.328                   0.176
3106.87959              19.235                   0.100
3108.80006              19.348                   0.077
3109.85902              19.236                   0.074
3110.86540              19.322                   0.087
3112.85073              19.342                   0.079
3114.81532              19.260                   0.079
3116.90346              19.319                   0.099
3125.90585              19.400                   0.149
3127.85364              19.340                   0.101
3128.85349              19.166                   0.098
3130.73250              19.507                   0.123
3131.69892              19.496                   0.141
3135.93058              19.294                   0.095
3138.68484              19.415                   0.118
3139.91082              19.308                   0.083
3140.91428              19.290                   0.094
3142.79870              19.386                   0.085
3144.81868              19.309                   0.081
3146.85584              19.266                   0.109
3151.79079              19.202                   0.093
3151.93933              19.185                   0.119
3152.78845              19.420                   0.101
3153.79109              19.376                   0.113
3154.87541              19.180                   0.128
3156.89494              19.570                   0.138
3162.60480              19.353                   0.131
3163.78576              19.525                   0.114
3164.76802              19.398                   0.077
3164.90101              19.332                   0.109
3165.74155              19.315                   0.083
3168.88674              19.284                   0.097
3169.75486              19.113                   0.083
3170.84276              19.564                   0.097
3171.81098              19.333                   0.069
3172.78191              19.453                   0.104
3173.88292              19.385                   0.153
3174.74175              19.382                   0.082
3175.75475              19.177                   0.068
3177.79097              19.272                   0.137
3180.75674              19.447                   0.079
3182.81738              19.401                   0.090
3183.77238              19.179                   0.090
3184.73349              19.288                   0.073
3185.73693              19.514                   0.119
3195.71156              19.359                   0.078
3195.83207              19.425                   0.103
3196.80344              19.491                   0.109
3197.55775              19.304                   0.096
3199.66295              19.196                   0.071
3202.54921              19.277                   0.080
3203.69433              19.261                   0.073
3204.68524              19.208                   0.069
3205.54408              19.189                   0.071
3209.66940              19.092                   0.079
3210.66948              19.506                   0.096
3211.63995              19.189                   0.081
3217.68416              19.472                   0.114
3218.68291              19.194                   0.113
3219.64860              19.479                   0.149
3223.68369              19.272                   0.115
3224.73173              19.251                   0.109
3228.63300              19.056                   0.069
3229.66548              19.185                   0.069
3230.69896              19.175                   0.099
3231.60295              19.092                   0.070
3232.63942              19.504                   0.140
3238.65124              19.304                   0.123
3240.50338              19.384                   0.089
3241.68711              19.393                   0.170
3245.58730              19.342                   0.141
3246.69295              19.577                   0.199
3247.63600              19.376                   0.113
3249.55960              19.424                   0.123
3256.66988              19.179                   0.109
3260.57964              19.350                   0.101
3265.59292              19.267                   0.091
3275.58227              19.390                   0.137
3279.55258              19.224                   0.104
3282.51110              19.128                   0.082
3288.57741              19.518                   0.118
3295.55648              19.206                   0.062
3315.51341              18.949                   0.158
