  2453576.56754                  12.4680                     0.0105
  2453576.56914                  12.4720                     0.0105
  2453576.58819                  12.4710                     0.0105
  2453576.62169                  12.4640                     0.0105
  2453576.62256                  12.4690                     0.0105
  2453576.64063                  12.4640                     0.0105
  2453576.64149                  12.4590                     0.0105
  2453577.57696                  12.3670                     0.0105
  2453577.57784                  12.3650                     0.0101
  2453577.63835                  12.3560                     0.0101
  2453577.63923                  12.3600                     0.0101
  2453577.70006                  12.3590                     0.0101
  2453577.70094                  12.3540                     0.0101
  2453577.75223                  12.3600                     0.0105
  2453577.75310                  12.3650                     0.0105
  2453577.77884                  12.3590                     0.0105
  2453577.77972                  12.3480                     0.0105
  2453578.55349                  12.2660                     0.0101
  2453578.55420                  12.2520                     0.0101
  2453578.61217                  12.2540                     0.0101
  2453578.61286                  12.2470                     0.0101
  2453578.64389                  12.2570                     0.0101
  2453578.64460                  12.2530                     0.0101
  2453578.76320                  12.2340                     0.0101
  2453578.76391                  12.2490                     0.0101
  2453578.79605                  12.2540                     0.0105
  2453578.79674                  12.2400                     0.0105
  2453579.55494                  12.1380                     0.0101
  2453579.55563                  12.1410                     0.0101
  2453579.59244                  12.1530                     0.0101
  2453579.59314                  12.1390                     0.0101
  2453580.55369                  12.0340                     0.0101
  2453580.55433                  12.0280                     0.0101
  2453580.57391                  12.0440                     0.0101
  2453580.57455                  12.0410                     0.0101
  2453580.59695                  12.0370                     0.0101
  2453581.49555                  11.9600                     0.0101
  2453581.49618                  11.9620                     0.0101
  2453581.52830                  11.9540                     0.0101
  2453581.52895                  11.9560                     0.0101
  2453581.54948                  11.9500                     0.0101
  2453581.55013                  11.9470                     0.0101
  2453581.56671                  11.9430                     0.0101
  2453581.56736                  11.9460                     0.0101
  2453581.62871                  11.9440                     0.0101
  2453581.62935                  11.9350                     0.0101
  2453581.69196                  11.9360                     0.0101
  2453581.69259                  11.9360                     0.0101
  2453581.71935                  11.9400                     0.0101
  2453581.71999                  11.9370                     0.0101
  2453581.73691                  11.9430                     0.0101
  2453581.73755                  11.9430                     0.0101
  2453581.75563                  11.9430                     0.0101
  2453581.75628                  11.9450                     0.0101
  2453581.79545                  11.9360                     0.0101
  2453581.79610                  11.9380                     0.0101
  2453582.49348                  11.9230                     0.0101
  2453582.49412                  11.9100                     0.0101
  2453582.51433                  11.9070                     0.0101
  2453582.51497                  11.9140                     0.0101
  2453582.55074                  11.9130                     0.0101
  2453582.55138                  11.9120                     0.0101
  2453582.60594                  11.9250                     0.0101
  2453582.60659                  11.9090                     0.0101
  2453582.64934                  11.9040                     0.0101
  2453582.64992                  11.8980                     0.0101
  2453582.66179                  11.9160                     0.0101
  2453582.66237                  11.9110                     0.0101
  2453582.70437                  11.9120                     0.0101
  2453582.70507                  11.9100                     0.0101
  2453582.73258                  11.9140                     0.0101
  2453582.73315                  11.9110                     0.0101
  2453582.76619                  11.9270                     0.0101
  2453582.76688                  11.9170                     0.0101
  2453582.78781                  11.9200                     0.0101
  2453582.78850                  11.9200                     0.0101
  2453583.54466                  11.9280                     0.0101
  2453583.54519                  11.9100                     0.0101
  2453583.57677                  11.9270                     0.0101
  2453583.57730                  11.9240                     0.0101
  2453583.59148                  11.9240                     0.0101
  2453583.59201                  11.9180                     0.0101
  2453583.60780                  11.9420                     0.0101
  2453583.60833                  11.9270                     0.0101
  2453583.65335                  11.9250                     0.0101
  2453583.65390                  11.9180                     0.0101
  2453583.72999                  11.9120                     0.0101
  2453583.73051                  11.9300                     0.0101
  2453583.77829                  11.9430                     0.0101
  2453583.77882                  11.9340                     0.0101
  2453584.57223                  12.0070                     0.0101
  2453584.57276                  12.0060                     0.0101
  2453584.59467                  12.0190                     0.0101
  2453584.59519                  12.0120                     0.0101
  2453584.61721                  12.0120                     0.0101
  2453584.61775                  12.0050                     0.0101
  2453584.64879                  12.0150                     0.0101
  2453584.64931                  12.0090                     0.0101
  2453584.67708                  12.0270                     0.0101
  2453584.67762                  12.0060                     0.0101
  2453584.71905                  12.0260                     0.0101
  2453584.71958                  12.0200                     0.0101
  2453584.77673                  12.0430                     0.0101
  2453584.77725                  12.0390                     0.0101
  2453585.56532                  12.1150                     0.0101
  2453585.56586                  12.1080                     0.0101
  2453585.64978                  12.1220                     0.0101
  2453585.65030                  12.1240                     0.0101
  2453585.73331                  12.1270                     0.0101
  2453585.73383                  12.1270                     0.0101
  2453586.53767                  12.2250                     0.0101
  2453586.53821                  12.2200                     0.0101
  2453586.66945                  12.2380                     0.0101
  2453586.67087                  12.2420                     0.0101
  2453586.67141                  12.2450                     0.0101
  2453586.76088                  12.2460                     0.0101
  2453586.76144                  12.2560                     0.0101
  2453587.49582                  12.3370                     0.0105
  2453587.62931                  12.3580                     0.0105
  2453589.54966                  12.5390                     0.0105
  2453589.55165                  12.5410                     0.0105
  2453589.68850                  12.5390                     0.0105
  2453590.52170                  12.5930                     0.0105
  2453590.64461                  12.6140                     0.0105
  2453590.76786                  12.6180                     0.0105
  2453591.52448                  12.6680                     0.0105
  2453591.68937                  12.6760                     0.0105
  2453592.56032                  12.6590                     0.0105
  2453592.69617                  12.6060                     0.0105
  2453593.48192                  12.7830                     0.0110
  2453593.52716                  12.7820                     0.0110
  2453593.56976                  12.7810                     0.0110
  2453593.61506                  12.7900                     0.0105
  2453593.65906                  12.7860                     0.0110
  2453593.70350                  12.7810                     0.0105
  2453593.74870                  12.7950                     0.0110
  2453594.56276                  12.8260                     0.0105
  2453594.73134                  12.8270                     0.0110
  2453596.75654                  12.8940                     0.0116
  2453600.52556                  12.9810                     0.0144
  2453601.55299                  13.0120                     0.0110
  2453601.63535                  13.0000                     0.0116
  2453601.68601                  12.9910                     0.0116
  2453602.51653                  13.0030                     0.0116
  2453602.51872                  13.0080                     0.0116
  2453602.56805                  13.0090                     0.0116
  2453602.57002                  12.9880                     0.0116
  2453602.64169                  12.9930                     0.0116
  2453602.64357                  12.9980                     0.0116
  2453602.71405                  12.9950                     0.0129
  2453602.71635                  12.9900                     0.0129
