# interpolation tables for elliptical integrals of
# the first (ellip1) and second (ellip2) type
#
# x, ellip1(x), ellip2(x)
#
# For usage see Witt & Mao 1994 ApJ 430, 505
# "Can Lensed Stars Be Regarded as Pointlike for Microlensing by MACHOs?"
#
# Prepared by Radek Poleski
#
2e-05 1.570804180864889 1.57078847278381
3.2349910811991195e-05 1.5708090308063392 1.5707836229375705
6.654841644551226e-05 1.5708224612752366 1.5707701929667717
0.00013689965815187767 1.5708500913052055 1.5707425650448186
0.00022143458657026627 1.5708832947864837 1.5707093660253881
0.000455522773096971 1.5709752560196553 1.5706174281387861
0.0007368060541258957 1.5710857898363526 1.570506943748702
0.0011358264254027366 1.571242649988825 1.5703501937641116
0.0015157159602235907 1.5713920550743574 1.570200937262619
0.002022663692880645 1.5715915299524428 1.5700017271288202
0.002451663806477237 1.571760422898187 1.5698331176457168
0.003779372498375943 1.5722836463724352 1.5693111173047483
0.005043424846703449 1.5727825135257467 1.5688139016523726
0.006730253288151942 1.5734493437355428 1.5681500179055383
0.008157717198891848 1.574014638728589 1.5675878819852858
0.012575562746231917 1.5757699798880593 1.5658462090447778
0.016781596850503237 1.577449387272834 1.5641853266525778
0.022394384930185668 1.5797031139158404 1.5619647969456967
0.025133992489589335 1.5808084481379054 1.5608792230570303
0.027144158069828613 1.5816217012004135 1.5600819662194887
0.03519262366493414 1.5848968902223115 1.556883658633509
0.04184418933364556 1.5876268831268545 1.554232928129149
0.04975293111592036 1.590900687952351 1.5510722489155286
0.05583943479139931 1.5934410801601009 1.5486331364957806
0.06639334151216487 1.5978899517794931 1.544389831968102
0.07451554271875498 1.6013523592448884 1.5411120635237892
0.08363136995677842 1.605279153652209 1.5374205614505876
0.09032003676468833 1.6081883640722767 1.5347032812101802
0.10284229046829924 1.6136998746604356 1.5295961135556355
0.11710066877321128 1.6200813919260346 1.5237486587613727
0.12991804695763995 1.6259172066202014 1.518462346829052
0.1392332268800153 1.6302191226975065 1.5146024357720487
0.1544731477400384 1.6373706575852134 1.5082542018891696
0.16554893896435757 1.6426590910033472 1.5036141604387696
0.17741886918978753 1.648414428927208 1.4986163017603007
0.18580129802900333 1.6525349162970628 1.4950709573806424
0.20613837662082332 1.6627317237489831 1.4864135449016727
0.22091858700803324 1.6703267773520565 1.4800709138517996
0.23675854484582104 1.6786465917741689 1.473224809090281
0.2479445684255532 1.684638555222903 1.4683591182688702
0.26572230077102776 1.6943683389533868 1.460572006570231
0.27827676178961963 1.7013984316387036 1.4550318415290917
0.2914243777335226 1.7089077016804333 1.449192658975389
0.3005327709995228 1.7142011752109916 1.4451245934728336
0.3223600084725141 1.7272036791920309 1.4352980089181153
0.34577252496222577 1.7416763291754982 1.4246314828868132
0.3796553973781926 1.7636679635008412 1.4089518374147456
0.41685851348119646 1.7893953358116739 1.3913841301809042
0.4436645616720258 1.8090793055116365 1.378482485933481
0.4648943721159707 1.825423010908374 1.3681110152126197
0.4871400510570235 1.8433302211600673 1.357089836005787
0.5184655470275086 1.870043261166241 1.3412882644075392
0.5348757819410084 1.8848064065334749 1.3328712207327942
0.5518054261218358 1.9006447694908652 1.3240819209128145
0.575214744632164 1.923653218898632 1.3117425140632941
0.6027393680708294 1.9525384636422514 1.296939922821236
0.6315810733515548 1.985234100380652 1.28106088592373
0.6515715892885171 2.0095652326403437 1.2698159926387906
0.6721948359140438 2.0362996767046524 1.2579941276399804
0.693470840131168 2.065850305612873 1.2455453846813405
0.715420262725319 2.0987422950285723 1.2324117581223988
0.7334789630336351 2.1279130362186605 1.221366250271527
0.7457706362556835 2.149005124890698 1.2137149416302342
0.7693754281318477 2.1927495090386513 1.1986937347061728
0.7814565363931671 2.2170237969814846 1.1908259149841547
0.7937273481093735 2.2431857747903248 1.1826995107750062
0.8070286664594079 2.273479496267054 1.1737262165307358
0.8205528888964317 2.306638450641335 1.1644136495728432
0.8273997540384663 2.3244484951382938 1.1596213233553512
0.836038732664534 2.348015581386154 1.1534954215560034
0.8447679118875168 2.3731976582830527 1.147210790343661
0.8535882335025081 2.4002044785995476 1.1407576647981288
0.8625006491379957 2.4292888633588117 1.1341250295780103
0.8745287907580095 2.4718431394163733 1.1249803671179701
0.8867246727628864 2.51959282268104 1.1154590682478627
0.8959830698772385 2.5595758482021456 1.1080454573399423
0.9053381350101538 2.603934051349821 1.100374035752781
0.91415763541077 2.6501421255314574 1.092958105860738
0.9179636736839908 2.671627652080409 1.0896977117955564
0.9256233548136908 2.718186755365592 1.0830163627872795
0.9307652838394547 2.752315208393293 1.0784342049697915
0.9359357767880803 2.789381812812262 1.073740708486205
0.9393987192552045 2.8159757117507294 1.0705454019399816
0.9433098472060129 2.8479625315774966 1.066882837059549
0.947237258893997 2.882454119904545 1.0631435960960114
0.9524992552886021 2.933049811806713 1.058028559619047
0.9551412049490529 2.9606678009569856 1.0554110472887193
0.9577904825921446 2.9900898686838895 1.0527504073260696
0.9613342870059027 3.0325494109296973 1.0491310434808252
0.9640007424167948 3.0672097037027894 1.0463585331903205
0.9666745937819915 3.104706386555746 1.0435322299074064
0.9702512692181905 3.159973519227754 1.0396725581663138
0.9720445664889102 3.1902909727331616 1.0377001583654912
0.9738411782774289 3.222718904203772 1.035696978645784
0.975280858277459 3.250384266919082 1.0340708624617796
0.9762418271687536 3.2697781111310174 1.032974493602585
0.9785260426524451 3.319276129359673 1.0303307554347814
0.9808156027548885 3.374572291676432 1.0276227855387752
0.9829573585824403 3.4327265946437286 1.0250306491273236
0.9838766850279635 3.4599988997000586 1.0238986802996528
0.9854108068667535 3.509220367538237 1.0219813114905427
0.9869473208039153 3.564072642219486 1.0200219728827957
0.9881782567707759 3.6129495762557147 1.0184210011134356
0.9889997335429696 3.648518185912292 1.0173355043939751
0.9899247112154219 3.6919286759019365 1.01609536884812
0.9908505539878997 3.7396078407211477 1.014833391127302
0.9914682635135337 3.7742068778080142 1.0139788656007107
0.9920863581275714 3.8114525022769135 1.0131128883143923
0.9927048380700819 3.851778007534485 1.0122345659114262
0.9933237035812843 3.8957325612598277 1.0113428526126815
0.993819073761227 3.9339794972456166 1.0106190145924838
0.994149457785215 3.9612431872436247 1.0101308911057807
0.9947692238917245 4.016843100702565 1.0092026527662237
0.9953893763687377 4.079544720659204 1.0082557344242185
0.995720282422246 4.116567036361381 1.0077422309916528
0.9960512984817669 4.1565982060647295 1.0072222453333481
0.9962168477752098 4.177902054812694 1.0069596554769886
0.9966308413978996 4.235568374239899 1.0062949827039245
0.9970450070621685 4.300864428281803 1.0056174311413237
0.9973212131189743 4.3497350014799085 1.0051577018102733
0.9975974956916697 4.40396208293402 1.004690781973637
0.9978047578474949 4.448919810834679 1.0043353821227106
0.9980120630643757 4.498362927743629 1.0039750497647764
0.9981502904695229 4.534292911704384 1.0037318379594886
0.9982885370195443 4.573027251815898 1.0034860265250665
0.9984268027170917 4.615039417447327 1.0032374053288695
0.9985650875648171 4.660933908268616 1.0029857271460774
0.9986757292329079 4.700966765686239 1.0027819872282717
0.9987494971555343 4.7295655049468035 1.0026448821273115
0.9988878266973236 4.788067569078309 1.002384810803281
0.9990261753981333 4.854372670707313 1.0021204113510926
0.9990907446825671 4.888620843295523 1.0019953765148457
0.9991553181402574 4.9253987409957 1.0018691909831536
0.9992106701400536 4.959238951212862 1.0017600497216674
0.9992660252062839 4.9955456096211055 1.0016499347377754
0.9993213833391181 5.0347060772635155 1.0015387725173113
0.9993951989534634 5.092218715423279 1.0013887772071712
0.9994690200202537 5.157239419010956 1.001236519314269
0.9995182370941157 5.20583021592716 1.0011336046162502
0.9995597658853412 5.250864211708037 1.0010457947223765
0.9996012964020385 5.300369193671703 1.0009570024838788
0.9996289843718009 5.336329801926176 1.0008972121320128
0.9996566731084927 5.375083683716401 1.0008369040583847
0.9996843626121351 5.417101198753286 1.0007760364403204
0.9997120528827496 5.462982521501564 1.0007145600901475
0.9997342056514752 5.502987438496322 1.0006649016745723
0.999748974436673 5.5315566551420385 1.0006315415362705
0.9997766664969712 5.589972838725421 1.0005683942629477
0.9998043593243121 5.656137540905023 1.0005043856576057
0.9998302066552255 5.726959262323463 1.0004437595156002
0.9998412842873144 5.760681231929161 1.0004174834877113
0.9998597472802073 5.822495770751692 1.0003732528758977
0.9998782106140365 5.893052021714125 1.0003284125516512
0.999892981526578 5.957681550965912 1.000292039743983
0.9999028289228313 6.005934697993611 1.0002675116095059
0.9999111377388554 6.0506180737032125 1.0002466226057476
0.9999194466239226 6.099692331113234 1.0002255390280168
0.9999249859189917 6.135308025985187 1.000211365444583
0.999930525244747 6.173657775184132 1.000197089478037
0.9999360646011888 6.215196410585252 1.0001827029494625
0.9999416039883171 6.2605026423165775 1.0001681962577234
0.9999460355201143 6.299958118491538 1.0001564967807803
0.9999489898855566 6.328105620203062 1.000148646993195
0.9999545293442876 6.385577268105005 1.0001338111924667
0.9999600688337059 6.450525487645826 1.0001188062296666
0.99996302324061 6.4889555862559725 1.0001107265325584
0.9999659776562431 6.530587942417807 1.0001025877500471
0.9999674548673329 6.552780907815567 1.0000984946298699
0.9999711479046047 6.612998816640925 1.000088186691533
0.9999748409555155 6.681476648724871 1.0000777602378703
0.9999768105882447 6.722234921827317 1.0000721451677403
0.9999787802248535 6.766613463440933 1.0000664882195645
0.9999797650446127 6.790373145465807 1.000063642851768
0.9999821886286193 6.85415716041302 1.000056588237617
0.9999846122184998 6.927285549435794 1.000049450916856
0.9999857432291208 6.965454930581352 1.000046088327394
0.9999868742410212 7.006781034186855 1.0000427032817798
0.999987843680811 7.045143445618327 1.0000397824799558
0.9999894594158825 7.116449277540221 1.0000348706608215
0.9999902672843972 7.156318143006435 1.0000323920606915
0.9999910751535646 7.1996439121537845 1.0000298966761634
0.9999918291653763 7.243776863962525 1.0000275511677572
0.9999925831777566 7.292185958955044 1.0000251882387243
0.9999932294745351 7.337771017336475 1.0000231476688397
0.9999938353781442 7.384646081116992 1.0000212206344212
0.9999944412821206 7.436374842390974 1.0000192786873747
0.9999949260055658 7.481993680392064 1.0000177133085648
0.9999954107292461 7.532196567468887 1.0000161363352906
0.9999956530911744 7.559324279467351 1.0000153431269578
0.9999962186025688 7.629009090788116 1.0000134788140322
0.9999965013583859 7.6678680807783515 1.0000125389056858
0.999996784114283 7.710003627303649 1.0000115932780176
0.9999970264765442 7.749180858112462 1.00001077780825
0.9999972688388641 7.791690855764646 1.00000995739439
0.9999975804476474 7.852262512563563 1.0000088945944452
0.9999978920565278 7.921196880235372 1.0000078217336126
0.9999981828915704 7.995429586612334 1.0000068100055348
0.999998307535186 8.030959646915838 1.0000063729433228
0.9999984321788171 8.069208973970172 1.0000059335841311
0.9999985568224637 8.110628553092775 1.0000054917449754
0.9999987230140168 8.171800629363874 1.00000489839164
0.9999988227289619 8.212452222591864 1.0000045398239203
0.9999988892055975 8.241513932440974 1.0000042996157106
0.9999989556822375 8.2723696320943 1.0000040584123104
0.999999 8.294051463601061 1.0000038970261722
