6741.87520 19.251 0.053 0.038 0.710  1.000011
6742.84914 19.168 0.040 -.045 -1.135  1.000011
6745.89635 19.169 0.049 -.044 -0.906  1.000011
6750.76018 19.332 0.057 0.119 2.081  1.000012
6752.81874 19.151 0.042 -.062 -1.485  1.000012
6755.88410 19.364 0.058 0.151 2.597  1.000012
6757.86406 19.224 0.055 0.011 0.193  1.000013
6759.88906 19.192 0.032 -.021 -0.668  1.000013
6761.82044 19.189 0.049 -.024 -0.498  1.000013
6763.80476 19.235 0.057 0.022 0.379  1.000013
6768.93230 19.179 0.068 -.034 -0.506  1.000014
6770.77458 19.250 0.060 0.037 0.610  1.000014
6772.67877 19.288 0.056 0.075 1.332  1.000014
6773.83696 19.194 0.057 -.019 -0.340  1.000015
6775.77692 19.183 0.040 -.030 -0.760  1.000015
6776.89594 19.145 0.050 -.068 -1.368  1.000015
6777.73263 19.257 0.046 0.044 0.948  1.000015
6784.89439 19.164 0.057 -.049 -0.866  1.000016
6785.88643 19.062 0.049 -0.151 -3.089  1.000017
6786.91170 19.212 0.060 -.001 -.023  1.000017
6789.80217 19.130 0.051 -.083 -1.635  1.000017
6790.88533 19.185 0.070 -.028 -0.405  1.000017
6791.94127 19.074 0.096 -0.139 -1.452  1.000018
6796.65357 19.224 0.065 0.011 0.163  1.000019
6797.75486 19.309 0.065 0.096 1.471  1.000019
6799.90729 19.162 0.097 -.051 -0.530  1.000019
6804.60546 19.164 0.053 -.049 -0.932  1.000020
6805.65642 19.205 0.084 -.008 -.100  1.000020
6807.61588 19.271 0.085 0.058 0.678  1.000021
6808.66393 19.198 0.056 -.015 -0.275  1.000021
6809.70825 19.100 0.033 -0.113 -3.436  1.000021
6810.76355 19.199 0.050 -.014 -0.287  1.000022
6811.78235 19.248 0.067 0.035 0.517  1.000022
6813.89037 19.312 0.069 0.099 1.429  1.000022
6815.61481 19.188 0.090 -.025 -0.282  1.000023
6816.70072 19.188 0.061 -.025 -0.416  1.000023
6817.78339 19.225 0.062 0.012 0.188  1.000023
6819.64575 19.106 0.086 -0.107 -1.248  1.000024
6823.85880 19.232 0.108 0.019 0.173  1.000025
6824.90210 19.149 0.100 -.064 -0.644  1.000026
6826.53241 19.325 0.087 0.112 1.283  1.000026
6827.57787 19.050 0.049 -0.163 -3.334  1.000026
6828.62561 19.231 0.044 0.018 0.401  1.000027
6829.62201 19.207 0.073 -.006 -.087  1.000027
6830.65463 19.099 0.034 -0.114 -3.364  1.000027
6831.79192 19.396 0.063 0.183 2.899  1.000028
6832.82555 19.392 0.095 0.179 1.880  1.000028
6834.50068 19.087 0.083 -0.126 -1.522  1.000029
6835.55219 19.120 0.071 -.093 -1.315  1.000029
6836.59239 19.124 0.070 -.089 -1.277  1.000029
6837.59849 19.171 0.052 -.042 -0.815  1.000030
6838.59837 19.330 0.071 0.117 1.643  1.000030
6839.60988 19.198 0.061 -.015 -0.252  1.000030
6840.67546 19.398 0.095 0.185 1.944  1.000031
6841.77991 19.095 0.071 -0.118 -1.667  1.000031
6842.82611 19.299 0.107 0.086 0.800  1.000032
6844.84703 19.101 0.088 -0.112 -1.277  1.000033
6845.83543 19.251 0.070 0.038 0.538  1.000033
6847.78039 19.061 0.063 -0.152 -2.418  1.000034
6851.78917 19.301 0.106 0.088 0.827  1.000036
6855.51908 19.254 0.081 0.041 0.502  1.000037
6856.54824 19.201 0.062 -.012 -0.199  1.000038
6857.59162 19.111 0.048 -0.102 -2.132  1.000038
6858.67320 19.165 0.046 -.048 -1.051  1.000039
6862.63172 19.166 0.063 -.047 -0.752  1.000041
6863.70933 19.237 0.054 0.024 0.438  1.000041
6872.53382 19.235 0.082 0.022 0.264  1.000047
6878.57070 19.263 0.125 0.050 0.397  1.000051
6882.62848 19.222 0.058 0.009 0.149  1.000054
6885.57623 19.249 0.060 0.036 0.594  1.000056
6886.71502 19.368 0.093 0.155 1.663  1.000057
6888.64197 19.141 0.056 -.072 -1.292  1.000058
6890.57969 19.338 0.068 0.125 1.833  1.000060
6895.53250 19.271 0.051 0.058 1.131  1.000064
6912.63019 19.232 0.084 0.019 0.223  1.000083
6918.54931 19.135 0.080 -.078 -0.979  1.000091
6922.62647 19.196 0.083 -.017 -0.208  1.000097
6926.48642 19.160 0.091 -.053 -0.586  1.000103
6929.50980 19.381 0.089 0.168 1.885  1.000108
6932.55361 19.325 0.148 0.112 0.755  1.000113
6936.49336 19.403 0.086 0.190 2.206  1.000120
6942.51283 19.144 0.077 -.069 -0.899  1.000133
7069.87628 19.246 0.060 0.035 0.583  1.002181
7074.88664 19.089 0.060 -0.122 -2.027  1.002565
7075.86271 19.118 0.050 -.093 -1.850  1.002650
7078.86521 19.079 0.044 -0.131 -2.982  1.002933
7082.86705 19.142 0.042 -.068 -1.612  1.003372
7086.89543 19.091 0.051 -0.118 -2.317  1.003902
7090.82554 19.147 0.059 -.061 -1.042  1.004523
7097.89470 19.115 0.035 -.092 -2.625  1.005988
7100.87989 19.114 0.046 -.092 -2.000  1.006783
7110.80722 19.150 0.041 -.052 -1.266  1.010585
7112.91819 19.296 0.059 0.095 1.615  1.011713
7115.73226 19.155 0.059 -.044 -0.742  1.013457
7117.71417 19.287 0.082 0.090 1.094  1.014882
7119.77642 19.181 0.066 -.014 -0.219  1.016568
7126.87745 19.225 0.045 0.038 0.845  1.024503
7130.77798 19.087 0.044 -.093 -2.119  1.030863
7132.68558 19.244 0.094 0.068 0.722  1.034705
7134.75753 19.263 0.069 0.092 1.333  1.039562
7135.91579 19.186 0.043 0.018 0.423  1.042638
7137.76039 19.199 0.038 0.037 0.972  1.048162
7138.88771 19.240 0.054 0.082 1.517  1.051968
7140.74357 19.214 0.059 0.063 1.072  1.059062
7141.87687 19.121 0.043 -.025 -0.575  1.063975
7143.69872 19.178 0.067 0.041 0.619  1.072953
7144.82729 19.200 0.104 0.070 0.672  1.079283
7146.71794 19.137 0.065 0.019 0.294  1.091448
7147.73765 19.012 0.067 -.098 -1.469  1.098946
7154.65407 18.994 0.035 -.043 -1.234  1.175287
7155.72946 18.964 0.038 -.057 -1.500  1.192852
7157.61898 18.972 0.044 -.016 -0.369  1.229219
7158.75690 18.850 0.039 -0.115 -2.960  1.255189
7159.82499 18.940 0.038 -.002 -.043  1.282925
7160.89555 18.849 0.037 -.066 -1.786  1.314549
7162.61936 18.818 0.046 -.048 -1.041  1.375257
7163.67336 18.920 0.060 0.089 1.479  1.419663
7164.81664 18.775 0.037 -.014 -0.382  1.475587
7166.60329 18.808 0.054 0.096 1.773  1.583485
7166.78686 18.740 0.038 0.037 0.961  1.596284
7168.70497 18.552 0.040 -.048 -1.210  1.754761
7169.69279 18.529 0.027 -.009 -0.330  1.858396
7169.88758 18.526 0.030 0.001 0.043  1.881045
7170.67980 18.473 0.027 0.005 0.192  1.981955
7170.86932 18.427 0.027 -.026 -0.977  2.008402
7172.68208 18.270 0.029 -.027 -0.922  2.319282
7172.87292 18.255 0.031 -.023 -0.743  2.359500
7173.65890 18.181 0.027 -.015 -0.546  2.544871
7173.85460 18.178 0.025 0.004 0.166  2.596621
7174.62352 18.140 0.027 0.058 2.160  2.826207
7174.79571 18.075 0.028 0.015 0.550  2.884170
7175.57956 17.926 0.026 -.026 -0.982  3.185477
7175.75532 17.889 0.022 -.036 -1.657  3.262787
7178.67754 17.341 0.013 -.016 -1.194  5.506466
7178.84898 17.278 0.013 -.035 -2.701  5.730840
7179.62205 17.126 0.014 0.024 1.736  6.961631
7179.78662 17.095 0.013 0.041 3.172  7.275683
7180.57443 16.829 0.010 0.009 0.912  9.023280
7180.73563 16.780 0.009 0.006 0.660  9.411934
7180.90958 16.722 0.009 -.005 -0.575  9.827032
7181.69591 16.584 0.007 0.001 0.122 11.220323
7181.86608 16.557 0.008 -.017 -2.147 11.313347
7182.63029 16.651 0.007 0.003 0.412 10.568880
7182.82259 16.689 0.008 -.002 -0.210 10.162809
7183.58368 16.888 0.009 -.015 -1.618  8.362013
7183.76821 16.990 0.011 0.032 2.923  7.947175
7184.57401 17.233 0.018 0.041 2.275  6.406230
7184.75934 17.262 0.013 0.019 1.488  6.114702
7184.92323 17.267 0.016 -.019 -1.199  5.874642
7185.72238 17.506 0.015 0.024 1.628  4.907954
7185.88925 17.477 0.021 -.042 -1.998  4.742004
7186.84550 17.656 0.019 -.057 -2.996  3.967061
7187.62648 17.813 0.022 -.036 -1.642  3.500012
7187.80962 17.875 0.018 -.004 -0.199  3.406474
7188.59666 17.970 0.020 -.026 -1.291  3.058359
7188.78370 18.065 0.030 0.043 1.446  2.986618
7189.64184 18.104 0.023 -.027 -1.186  2.700220
7189.82260 18.149 0.022 -.004 -0.168  2.647599
7190.61216 18.242 0.026 0.002 0.072  2.443163
7190.81061 18.268 0.030 0.007 0.245  2.397496
7191.63881 18.335 0.026 -.006 -0.221  2.227379
7192.84720 18.419 0.030 -.024 -0.813  2.026945
7192.87245 18.396 0.035 -.049 -1.411  2.023253
7193.66917 18.529 0.022 0.024 1.092  1.915466
7193.85368 18.430 0.028 -.088 -3.142  1.892713
7194.61668 18.654 0.030 0.085 2.837  1.806268
7194.80865 18.691 0.030 0.110 3.667  1.786290
7197.64863 18.699 0.032 -.034 -1.052  1.554080
7197.83542 18.767 0.053 0.026 0.489  1.542128
7198.62827 18.732 0.034 -.043 -1.263  1.494911
7198.81411 18.875 0.075 0.093 1.233  1.484608
7199.58850 18.769 0.034 -.043 -1.275  1.444487
7199.77122 18.830 0.037 0.011 0.296  1.435637
7200.52665 18.787 0.039 -.058 -1.498  1.401315
7200.70639 18.827 0.032 -.024 -0.762  1.393652
7202.64437 19.003 0.068 0.094 1.378  1.321555
7202.86611 18.838 0.074 -.077 -1.043  1.314389
7206.67782 19.049 0.072 0.050 0.693  1.217058
7206.83799 19.162 0.097 0.160 1.650  1.213842
7207.64671 19.113 0.055 0.097 1.766  1.198461
7207.83585 19.011 0.081 -.008 -.099  1.195060
7209.74243 18.918 0.053 -0.129 -2.440  1.164426
7211.52053 19.099 0.070 0.029 0.421  1.140950
7211.70284 19.121 0.050 0.049 0.988  1.138779
7212.57527 19.106 0.045 0.025 0.554  1.128931
7214.65104 19.079 0.052 -.022 -0.420  1.108684
7217.59901 19.117 0.061 -.006 -0.103  1.086106
7219.51173 19.265 0.072 0.130 1.805  1.074453
7219.71971 19.221 0.052 0.085 1.631  1.073303
7220.61146 19.145 0.042 0.004 0.096  1.068612
7220.79138 19.128 0.052 -.014 -0.267  1.067709
7221.58910 19.113 0.046 -.033 -0.714  1.063877
7221.77150 19.216 0.051 0.069 1.359  1.063038
7222.56277 19.157 0.061 0.007 0.110  1.059548
7222.77752 19.136 0.070 -.015 -0.217  1.058641
7223.61756 19.432 0.083 0.277 3.341  1.055250
7224.46873 19.325 0.067 0.167 2.492  1.052052
7224.66259 19.435 0.100 0.276 2.763  1.051356
7225.50079 19.174 0.062 0.012 0.198  1.048470
7226.51657 19.267 0.070 0.102 1.455  1.045231
7226.70146 19.264 0.057 0.098 1.724  1.044669
7227.48515 19.251 0.091 0.083 0.911  1.042383
7227.66002 19.173 0.044 0.004 0.100  1.041892
7228.48663 19.102 0.061 -.069 -1.130  1.039663
7228.67070 19.132 0.066 -.039 -0.598  1.039186
7229.51492 19.061 0.050 -0.113 -2.253  1.037087
7229.67959 19.135 0.057 -.039 -0.685  1.036693
7235.69998 19.220 0.071 0.034 0.476  1.025242
7236.55971 19.350 0.111 0.162 1.464  1.023987
7249.55783 19.331 0.078 0.130 1.672  1.011817
7249.70255 19.431 0.100 0.230 2.303  1.011732
7252.53641 19.465 0.088 0.263 2.985  1.010200
7253.49134 19.254 0.059 0.051 0.868  1.009740
7253.68348 19.128 0.058 -.075 -1.292  1.009651
7255.65107 19.188 0.068 -.016 -0.233  1.008791
7256.65418 19.256 0.091 0.052 0.568  1.008389
7263.63594 19.074 0.071 -0.133 -1.869  1.006143
7264.58237 19.259 0.066 0.052 0.788  1.005899
7265.54566 19.287 0.060 0.080 1.329  1.005664
7267.48020 19.576 0.110 0.368 3.348  1.005225
7268.48138 19.313 0.062 0.105 1.695  1.005014
7268.67680 19.235 0.055 0.027 0.491  1.004974
7269.66517 19.252 0.065 0.044 0.674  1.004779
7270.60894 19.243 0.054 0.035 0.641  1.004601
7271.56480 19.216 0.073 0.007 0.102  1.004429
7273.53563 19.388 0.115 0.179 1.557  1.004100
7275.54016 19.273 0.112 0.064 0.569  1.003796
7277.51491 19.462 0.088 0.252 2.869  1.003523
7278.49847 19.428 0.114 0.218 1.915  1.003397
7281.51010 19.107 0.098 -0.103 -1.052  1.003043
7284.54963 19.323 0.068 0.113 1.656  1.002732
7292.52764 19.445 0.132 0.234 1.772  1.002087
7299.56817 19.057 0.071 -0.155 -2.177  1.001671
7318.53199 19.207 0.086 -.005 -.062  1.000974
