6741.87520 19.251 0.053 4.49 462.0
6742.84914 19.168 0.040 3.83 367.0
6745.89635 19.169 0.049 4.94 324.0
6750.76018 19.332 0.057 4.91 369.0
6752.81874 19.151 0.042 4.29 334.0
6755.88410 19.364 0.058 4.75 361.0
6757.86406 19.224 0.055 5.06 318.0
6759.88906 19.192 0.032 3.05 365.0
6761.82044 19.189 0.049 3.94 467.0
6763.80476 19.235 0.057 4.11 603.0
6768.93230 19.179 0.068 3.67 1374.0
6770.77458 19.250 0.060 5.17 396.0
6772.67877 19.288 0.056 4.75 413.0
6773.83696 19.194 0.057 5.59 333.0
6775.77692 19.183 0.040 4.27 324.0
6776.89594 19.145 0.050 4.63 414.0
6777.73263 19.257 0.046 4.19 408.0
6784.89439 19.164 0.057 4.46 470.0
6785.88643 19.062 0.049 4.19 477.0
6786.91170 19.212 0.060 4.75 455.0
6789.80217 19.130 0.051 3.72 550.0
6790.88533 19.185 0.070 4.73 708.0
6791.94127 19.074 0.096 4.39 2122.0
6796.65357 19.224 0.065 4.01 532.0
6797.75486 19.309 0.065 3.84 796.0
6799.90729 19.162 0.097 6.97 489.0
6804.60546 19.164 0.053 4.76 347.0
6805.65642 19.205 0.084 6.72 392.0
6807.61588 19.271 0.085 6.31 396.0
6808.66393 19.198 0.056 4.77 377.0
6809.70825 19.100 0.033 3.26 305.0
6810.76355 19.199 0.050 3.98 373.0
6811.78235 19.248 0.067 4.86 465.0
6813.89037 19.312 0.069 5.55 375.0
6815.61481 19.188 0.090 7.01 410.0
6816.70072 19.188 0.061 5.00 399.0
6817.78339 19.225 0.062 4.64 485.0
6819.64575 19.106 0.086 5.42 948.0
6823.85880 19.232 0.108 4.62 1701.0
6824.90210 19.149 0.100 6.17 923.0
6826.53241 19.325 0.087 5.74 450.0
6827.57787 19.050 0.049 4.30 434.0
6828.62561 19.231 0.044 4.19 291.0
6829.62201 19.207 0.073 5.89 324.0
6830.65463 19.099 0.034 3.18 343.0
6831.79192 19.396 0.063 4.87 375.0
6832.82555 19.392 0.095 6.02 579.0
6834.50068 19.087 0.083 6.23 571.0
6835.55219 19.120 0.071 5.85 417.0
6836.59239 19.124 0.070 5.90 408.0
6837.59849 19.171 0.052 4.32 444.0
6838.59837 19.330 0.071 5.47 359.0
6839.60988 19.198 0.061 4.83 426.0
6840.67546 19.398 0.095 6.41 387.0
6841.77991 19.095 0.071 6.17 476.0
6842.82611 19.299 0.107 7.23 509.0
6844.84703 19.101 0.088 7.20 532.0
6845.83543 19.251 0.070 5.95 455.0
6847.78039 19.061 0.063 4.92 779.0
6851.78917 19.301 0.106 5.99 896.0
6855.51908 19.254 0.081 6.47 373.0
6856.54824 19.201 0.062 5.27 387.0
6857.59162 19.111 0.048 3.96 347.0
6858.67320 19.165 0.046 4.18 362.0
6862.63172 19.166 0.063 5.39 390.0
6863.70933 19.237 0.054 4.91 382.0
6872.53382 19.235 0.082 6.56 330.0
6878.57070 19.263 0.125 6.93 737.0
6882.62848 19.222 0.058 4.67 402.0
6885.57623 19.249 0.060 4.95 322.0
6886.71502 19.368 0.093 6.31 600.0
6888.64197 19.141 0.056 5.01 421.0
6890.57969 19.338 0.068 5.47 310.0
6895.53250 19.271 0.051 4.07 354.0
6912.63019 19.232 0.084 5.99 580.0
6918.54931 19.135 0.080 6.19 499.0
6922.62647 19.196 0.083 6.47 492.0
6926.48642 19.160 0.091 6.53 491.0
6929.50980 19.381 0.089 5.97 443.0
6932.55361 19.325 0.148 6.43 1663.0
6936.49336 19.403 0.086 5.14 627.0
6942.51283 19.144 0.077 5.97 556.0
7069.87628 19.246 0.060 4.53 447.0
7074.88664 19.089 0.060 5.44 438.0
7075.86271 19.118 0.050 4.81 398.0
7078.86521 19.079 0.044 4.12 377.0
7082.86705 19.142 0.042 4.09 334.0
7086.89543 19.091 0.051 3.90 527.0
7090.82554 19.147 0.059 4.51 522.0
7097.89470 19.115 0.035 3.14 319.0
7100.87989 19.114 0.046 3.92 375.0
7110.80722 19.150 0.041 3.88 372.0
7112.91819 19.296 0.059 3.72 550.0
7115.73226 19.155 0.059 4.46 540.0
7117.71417 19.287 0.082 4.80 791.0
7119.77642 19.181 0.066 4.35 637.0
7126.87745 19.225 0.045 3.40 426.0
7130.77798 19.087 0.044 3.97 320.0
7132.68558 19.244 0.094 6.76 479.0
7134.75753 19.263 0.069 5.58 372.0
7135.91579 19.186 0.043 3.47 367.0
7137.76039 19.199 0.038 3.39 310.0
7138.88771 19.240 0.054 4.08 406.0
7140.74357 19.214 0.059 4.66 445.0
7141.87687 19.121 0.043 3.22 436.0
7143.69872 19.178 0.067 4.69 451.0
7144.82729 19.200 0.104 7.09 532.0
7146.71794 19.137 0.065 4.36 792.0
7147.73765 19.012 0.067 5.09 773.0
7154.65407 18.994 0.035 3.61 317.0
7155.72946 18.964 0.038 3.83 360.0
7157.61898 18.972 0.044 4.31 404.0
7158.75690 18.850 0.039 4.55 355.0
7159.82499 18.940 0.038 3.79 371.0
7160.89555 18.849 0.037 3.85 413.0
7162.61936 18.818 0.046 5.39 373.0
7163.67336 18.920 0.060 5.92 418.0
7164.81664 18.775 0.037 4.31 359.0
7166.60329 18.808 0.054 6.03 450.0
7166.78686 18.740 0.038 4.52 381.0
7168.70497 18.552 0.040 6.21 354.0
7169.69279 18.529 0.027 4.40 329.0
7169.88758 18.526 0.030 4.50 380.0
7170.67980 18.473 0.027 4.50 366.0
7170.86932 18.427 0.027 4.12 413.0
7172.68208 18.270 0.029 4.67 518.0
7172.87292 18.255 0.031 5.38 433.0
7173.65890 18.181 0.027 4.76 606.0
7173.85460 18.178 0.025 3.81 681.0
7174.62352 18.140 0.027 4.08 739.0
7174.79571 18.075 0.028 4.62 736.0
7175.57956 17.926 0.026 4.31 1012.0
7175.75532 17.889 0.022 4.13 882.0
7178.67754 17.341 0.013 3.91 648.0
7178.84898 17.278 0.013 4.18 736.0
7179.62205 17.126 0.014 5.37 529.0
7179.78662 17.095 0.013 5.36 520.0
7180.57443 16.829 0.010 5.17 413.0
7180.73563 16.780 0.009 4.99 380.0
7180.90958 16.722 0.009 4.70 624.0
7181.69591 16.584 0.007 4.20 357.0
7181.86608 16.557 0.008 4.72 453.0
7182.63029 16.651 0.007 5.21 269.0
7182.82259 16.689 0.008 4.38 332.0
7183.58368 16.888 0.009 4.39 307.0
7183.76821 16.990 0.011 5.73 331.0
7184.57401 17.233 0.018 7.29 411.0
7184.75934 17.262 0.013 5.58 330.0
7184.92323 17.267 0.016 6.01 527.0
7185.72238 17.506 0.015 5.01 354.0
7185.88925 17.477 0.021 6.99 509.0
7186.84550 17.656 0.019 5.08 481.0
7187.62648 17.813 0.022 6.24 323.0
7187.80962 17.875 0.018 4.79 366.0
7188.59666 17.970 0.020 4.54 375.0
7188.78370 18.065 0.030 6.51 393.0
7189.64184 18.104 0.023 4.99 388.0
7189.82260 18.149 0.022 4.09 484.0
7190.61216 18.242 0.026 4.61 419.0
7190.81061 18.268 0.030 4.73 600.0
7191.63881 18.335 0.026 4.54 415.0
7192.84720 18.419 0.030 4.88 410.0
7192.87245 18.396 0.035 5.46 486.0
7193.66917 18.529 0.022 3.60 290.0
7193.85368 18.430 0.028 4.29 450.0
7194.61668 18.654 0.030 4.36 322.0
7194.80865 18.691 0.030 4.37 441.0
7197.64863 18.699 0.032 4.45 320.0
7197.83542 18.767 0.053 6.19 444.0
7198.62827 18.732 0.034 4.49 322.0
7198.81411 18.875 0.075 5.62 920.0
7199.58850 18.769 0.034 4.24 387.0
7199.77122 18.830 0.037 4.49 343.0
7200.52665 18.787 0.039 3.93 595.0
7200.70639 18.827 0.032 3.39 381.0
7202.64437 19.003 0.068 5.28 654.0
7202.86611 18.838 0.074 5.38 1050.0
7206.67782 19.049 0.072 4.86 804.0
7206.83799 19.162 0.097 5.01 1265.0
7207.64671 19.113 0.055 4.29 567.0
7207.83585 19.011 0.081 5.51 958.0
7209.74243 18.918 0.053 4.71 535.0
7211.52053 19.099 0.070 5.52 512.0
7211.70284 19.121 0.050 4.64 353.0
7212.57527 19.106 0.045 4.62 334.0
7214.65104 19.079 0.052 5.60 408.0
7217.59901 19.117 0.061 5.68 359.0
7219.51173 19.265 0.072 5.41 476.0
7219.71971 19.221 0.052 4.53 359.0
7220.61146 19.145 0.042 4.18 306.0
7220.79138 19.128 0.052 4.70 383.0
7221.58910 19.113 0.046 4.34 338.0
7221.77150 19.216 0.051 4.10 364.0
7222.56277 19.157 0.061 5.68 543.0
7222.77752 19.136 0.070 5.56 598.0
7223.61756 19.432 0.083 5.64 356.0
7224.46873 19.325 0.067 4.12 644.0
7224.66259 19.435 0.100 7.34 305.0
7225.50079 19.174 0.062 5.19 559.0
7226.51657 19.267 0.070 5.50 377.0
7226.70146 19.264 0.057 4.83 318.0
7227.48515 19.251 0.091 5.57 792.0
7227.66002 19.173 0.044 4.28 298.0
7228.48663 19.102 0.061 5.29 472.0
7228.67070 19.132 0.066 5.26 498.0
7229.51492 19.061 0.050 4.38 516.0
7229.67959 19.135 0.057 3.65 795.0
7235.69998 19.220 0.071 4.73 723.0
7236.55971 19.350 0.111 5.64 894.0
7249.55783 19.331 0.078 6.04 349.0
7249.70255 19.431 0.100 6.87 342.0
7252.53641 19.465 0.088 5.69 410.0
7253.49134 19.254 0.059 4.60 394.0
7253.68348 19.128 0.058 5.05 426.0
7255.65107 19.188 0.068 5.87 351.0
7256.65418 19.256 0.091 6.53 494.0
7263.63594 19.074 0.071 4.20 1187.0
7264.58237 19.259 0.066 4.41 582.0
7265.54566 19.287 0.060 4.10 458.0
7267.48020 19.576 0.110 5.94 469.0
7268.48138 19.313 0.062 4.67 414.0
7268.67680 19.235 0.055 4.24 454.0
7269.66517 19.252 0.065 5.48 387.0
7270.60894 19.243 0.054 4.59 340.0
7271.56480 19.216 0.073 6.13 336.0
7273.53563 19.388 0.115 7.65 398.0
7275.54016 19.273 0.112 6.39 858.0
7277.51491 19.462 0.088 6.36 342.0
7278.49847 19.428 0.114 7.00 423.0
7281.51010 19.107 0.098 8.25 387.0
7284.54963 19.323 0.068 5.40 457.0
7292.52764 19.445 0.132 6.77 741.0
7299.56817 19.057 0.071 6.98 488.0
7318.53199 19.207 0.086 5.34 755.0
