 7439.83551   18.733  0.102600
 7439.87381   18.740  0.077400
 7439.89896   18.599  0.133100
 7440.83947   18.634  0.077300
 7440.86046   18.720  0.069900
 7440.88157   18.671  0.061100
 7441.83954   18.733  0.077000
 7441.87348   18.701  0.068800
 7441.89391   18.617  0.064500
 7444.82989   18.634  0.065400
 7444.86241   18.766  0.078900
 7444.88586   18.740  0.070900
 7445.84748   18.701  0.068800
 7445.88084   18.683  0.061700
 7445.90211   18.683  0.086400
 7446.82166   18.733  0.070600
 7446.84295   18.772  0.072700
 7446.86651   18.588  0.051600
 7446.88758   18.664  0.060800
 7447.84344   18.689  0.062000
 7447.86906   18.733  0.064100
 7447.89429   18.695  0.062300
 7448.81132   18.840  0.090700
 7448.83478   18.753  0.078100
 7448.85802   18.746  0.064800
 7448.88007   18.701  0.062600
 7449.84626   18.854  0.091700
 7449.86905   18.779  0.073100
 7449.89398   18.753  0.078100
 7450.80651   18.806  0.101800
 7450.83181   18.714  0.075800
 7450.85570   18.759  0.085100
 7451.81259   18.806  0.081500
 7451.83491   18.753  0.071600
 7451.85654   18.695  0.062300
 7451.88080   18.664  0.066900
 7452.82962   18.658  0.060500
 7452.86652   18.652  0.066300
 7452.88867   18.671  0.048900
 7453.80354   18.759  0.065500
 7453.82707   18.683  0.061700
 7453.84957   18.695  0.056100
 7453.87345   18.664  0.048700
 7454.82622   18.695  0.062300
 7454.84860   18.634  0.053500
 7454.86960   18.652  0.048200
 7454.89202   18.640  0.047800
 7455.80734   18.640  0.077600
 7455.82779   18.772  0.072700
 7455.85984   18.708  0.056600
 7455.88267   18.664  0.054700
 7456.80079   18.689  0.062000
 7456.82170   18.658  0.054500
 7456.84543   18.689  0.055800
 7456.87989   18.652  0.054200
 7457.78461   18.792  0.094000
 7457.80370   18.714  0.069500
 7457.82810   18.708  0.062900
 7457.85074   18.753  0.065100
 7457.87171   18.605  0.052300
 7457.90410   18.658  0.060500
 7458.78212   18.714  0.069500
 7458.82664   18.683  0.061700
 7458.84774   18.664  0.054700
 7458.86890   18.640  0.047800
 7458.90132   18.652  0.054200
 7460.77997   18.720  0.069900
 7460.80001   18.746  0.071300
 7460.82152   18.727  0.063800
 7460.84249   18.701  0.062600
 7460.86597   18.634  0.053500
 7460.88748   18.640  0.047800
 7461.79191   18.708  0.119500
 7461.81480   18.727  0.063800
 7461.83725   18.677  0.055300
 7461.85868   18.689  0.055800
 7461.88121   18.652  0.054200
 7462.79015   18.819  0.075500
 7462.81566   18.720  0.063500
 7462.83824   18.708  0.056600
 7462.86348   18.652  0.054200
 7462.88577   18.634  0.047500
 7465.78732   18.708  0.075500
 7466.77023   18.720  0.082600
 7466.79084   18.753  0.091200
 7466.81137   18.785  0.106900
 7466.83152   18.701  0.187800
 7466.86378   18.640  0.059700
 7466.88416   18.683  0.055500
 7466.90496   18.628  0.053300
 7469.77200   18.740  0.109600
 7469.79447   18.714  0.183300
 7469.81695   18.720  0.095300
 7469.84306   18.746  0.084200
 7469.87774   18.664  0.066900
 7469.90288   18.733  0.077000
 7470.76757   18.708  0.150900
 7470.79079   18.701  0.087600
 7470.84035   18.727  0.102100
 7472.81443   18.727  0.076600
 7472.83521   18.677  0.061400
 7472.85785   18.677  0.061400
 7472.87806   18.683  0.061700
 7472.89893   18.695  0.056100
 7473.76802   18.740  0.096700
 7473.78812   18.753  0.084700
 7473.80925   18.753  0.123700
 7473.82988   18.733  0.096200
 7473.84992   18.714  0.113800
 7473.88112   18.646  0.054000
 7474.76104   18.689  0.080600
 7474.78276   18.799  0.087800
 7474.80363   18.733  0.070600
 7474.82399   18.683  0.067900
 7474.84412   18.683  0.067900
 7474.87739   18.720  0.069900
 7474.89772   18.714  0.063200
 7475.77685   18.640  0.071700
 7475.80054   18.646  0.066000
 7475.82381   18.708  0.069200
 7475.86117   18.689  0.074400
 7475.89280   18.634  0.059400
 7476.75386   18.785  0.086900
 7476.77276   18.658  0.072600
 7476.79185   18.708  0.069200
 7476.82452   18.714  0.069500
 7476.84525   18.695  0.068500
 7476.86585   18.677  0.073700
 7476.86759   18.701  0.068800
 7476.88923   18.766  0.098700
 7477.75323   18.733  0.089800
 7477.77450   18.740  0.090300
 7477.80979   18.634  0.071300
 7477.83332   18.779  0.086400
 7477.85520   18.772  0.099200
 7477.87643   18.720  0.095300
 7477.89745   18.746  0.090700
 7478.74269   18.746  0.084200
 7478.77874   18.733  0.070600
 7478.80145   18.740  0.064500
 7478.82224   18.646  0.060000
 7478.84713   18.714  0.069500
 7478.87043   18.658  0.060500
 7478.90826   18.640  0.065700
 7479.73586   18.785  0.073500
 7479.75372   18.740  0.070900
 7479.77143   18.701  0.068800
 7479.78919   18.819  0.068600
 7479.80708   18.759  0.072000
 7479.84446   18.779  0.079800
 7479.86234   18.792  0.073900
 7479.87994   18.714  0.063200
 7479.89964   18.733  0.064100
 7479.91870   18.772  0.072700
 7480.73415   18.652  0.090400
 7480.75219   18.689  0.074400
 7480.78101   18.701  0.068800
 7480.80109   18.766  0.078900
 7480.81845   18.779  0.073100
 7480.83620   18.634  0.077300
 7480.85408   18.689  0.074400
 7480.88293   18.683  0.067900
 7480.90101   18.759  0.072000
 7481.72326   18.677  0.073700
 7481.74210   18.772  0.079400
 7481.76016   18.733  0.070600
 7481.78124   18.740  0.058000
 7481.81329   18.683  0.055500
 7481.83198   18.695  0.056100
 7481.85015   18.740  0.058000
 7481.86857   18.689  0.055800
 7482.77946   18.740  0.090300
 7482.80012   18.677  0.067500
 7482.82396   18.766  0.078900
 7482.84353   18.759  0.091600
 7482.86492   18.714  0.088500
 7482.88848   18.792  0.114200
 7484.74832   18.677  0.073700
 7484.76747   18.740  0.077400
 7484.78617   18.890  0.079800
 7484.80580   18.759  0.072000
 7484.83923   18.854  0.070500
 7484.85924   18.733  0.057700
 7484.87868   18.658  0.054500
 7484.89836   18.720  0.057200
 7485.72385   18.759  0.078500
 7485.75393   18.714  0.069500
 7485.78093   18.720  0.069900
 7485.81340   18.720  0.069900
 7485.84224   18.714  0.082200
 7485.87831   18.720  0.069900
 7485.91058   18.708  0.056600
 7486.91385   18.833  0.076300
 7486.71230   18.593  0.074900
 7486.73643   18.671  0.073300
 7486.77404   18.720  0.057200
 7486.79809   18.740  0.064500
 7486.82157   18.753  0.065100
 7486.85312   18.746  0.071300
 7486.87790   18.683  0.061700
 7487.75522   18.779  0.079800
 7487.77645   18.695  0.062300
 7487.79440   18.708  0.069200
 7487.79726   18.671  0.067200
 7487.81764   18.714  0.056900
 7487.83565   18.720  0.063500
 7487.86640   18.740  0.070900
 7487.88681   18.683  0.055500
 7487.90698   18.689  0.062000
 7488.70232   18.868  0.078500
 7488.72088   18.727  0.070200
 7488.73816   18.652  0.072300
 7488.75615   18.759  0.078500
 7488.79090   18.727  0.057400
 7488.80883   18.779  0.059800
 7488.83004   18.714  0.056900
 7488.84780   18.714  0.063200
 7488.86812   18.806  0.074700
 7488.90205   18.759  0.072000
 7488.92059   18.799  0.067500
 7489.89206   18.658  0.054500
 7489.91536   18.753  0.065100
 7491.69479   18.733  0.077000
 7491.71250   18.714  0.069500
 7491.73043   18.759  0.078500
 7491.76196   18.727  0.063800
 7491.78117   18.720  0.069900
 7491.80016   18.740  0.058000
 7491.81815   18.753  0.058600
 7491.83524   18.714  0.056900
 7491.86643   18.677  0.055300
 7491.90019   18.708  0.056600
 7491.91882   18.664  0.060800
 7494.69461   18.785  0.073500
 7494.71163   18.746  0.064800
 7494.72973   18.646  0.072000
 7494.74782   18.646  0.299900
 7494.78003   18.759  0.065500
 7494.78375   18.689  0.055800
 7494.80767   18.753  0.065100
 7494.82502   18.733  0.064100
 7494.84411   18.677  0.061400
 7494.86507   18.708  0.056600
 7494.89628   18.664  0.048700
 7494.91486   18.664  0.054700
 7495.71421   18.733  0.077000
 7495.73288   18.740  0.070900
 7495.75132   18.740  0.064500
 7495.78053   18.753  0.065100
 7495.79832   18.753  0.058600
 7495.81917   18.714  0.075800
 7495.83678   18.714  0.056900
 7495.85917   18.689  0.055800
 7495.87908   18.766  0.059200
 7495.90768   18.689  0.055800
 7497.83504   18.689  0.074400
 7497.85628   18.695  0.074700
 7497.87504   18.652  0.060300
 7497.89232   18.695  0.062300
 7497.92327   18.708  0.075500
 7498.67836   18.571  0.084900
 7498.69835   18.753  0.091200
 7498.71933   18.806  0.088300
 7498.73933   18.766  0.072400
 7498.75706   18.640  0.077600
 7498.79083   18.779  0.073100
 7498.80848   18.617  0.064500
 7498.82938   18.847  0.084200
 7498.84741   18.740  0.083800
 7498.87185   18.677  0.073700
 7498.90525   18.671  0.073300
 7498.91154   18.701  0.093900
 7499.67455   18.671  0.067200
 7499.70235   18.746  0.064800
 7499.70518   18.652  0.060300
 7499.72248   18.695  0.068500
 7499.74010   18.634  0.059400
 7499.74593   18.671  0.061100
 7499.76349   18.689  0.062000
 7499.78096   18.689  0.062000
 7499.80973   18.652  0.054200
 7499.82741   18.689  0.055800
 7499.84506   18.664  0.054700
 7499.86578   18.658  0.060500
 7499.88645   18.671  0.055000
 7499.92031   18.695  0.062300
 7500.67182   18.753  0.084700
 7500.68940   18.664  0.073000
 7500.70709   18.708  0.069200
 7500.72767   18.733  0.109000
 7500.74534   18.634  0.059400
 7500.81824   18.652  0.054200
 7500.83637   18.727  0.063800
 7500.85543   18.689  0.055800
 7500.87455   18.689  0.062000
 7504.74464   18.576  0.113700
 7504.78195   18.806  0.122200
 7504.80559   18.640  0.095500
 7504.83420   18.727  0.095700
 7504.85471   18.554  0.106200
 7504.87272   18.826  0.131100
 7504.89086   18.576  0.125100
 7505.68191   18.689  0.093000
 7505.69881   18.720  0.101600
 7505.71623   18.792  0.094000
 7505.73368   18.785  0.093500
 7505.75095   18.708  0.081800
 7505.78263   18.740  0.128900
 7505.80343   18.897  0.255400
 7505.82083   18.611  0.099200
 7505.83884   18.819  0.116700
 7508.67049   18.792  0.067200
 7508.68805   18.746  0.064800
 7508.70586   18.753  0.058600
 7508.72336   18.759  0.065500
 7508.74340   18.708  0.062900
 7508.76082   18.727  0.057400
 7508.78946   18.708  0.056600
 7508.80692   18.695  0.056100
 7508.82488   18.733  0.096200
 7508.83184   18.740  0.058000
 7508.85253   18.727  0.057400
 7508.86809   18.746  0.064800
 7508.89636   18.695  0.056100
 7508.91401   18.753  0.065100
 7508.93108   18.759  0.078500
 7509.64717   18.708  0.069200
 7509.66477   18.753  0.071600
 7509.66839   18.785  0.073500
 7509.69848   18.779  0.066500
 7509.72689   18.772  0.059500
 7509.74867   18.759  0.065500
 7509.76856   18.779  0.059800
 7509.78612   18.733  0.070600
 7509.80602   18.759  0.058900
 7509.83599   18.833  0.090200
 7509.87569   18.689  0.117800
 7511.64624   18.714  0.075800
 7511.72761   18.727  0.063800
 7511.74459   18.695  0.049800
 7511.76209   18.689  0.055800
 7511.79072   18.701  0.056300
 7511.80865   18.634  0.047500
 7511.82882   18.701  0.050100
 7511.84815   18.658  0.054500
 7511.86564   18.658  0.048400
 7511.89905   18.759  0.085100
 7511.92034   18.759  0.098200
 7512.65654   18.689  0.086800
 7512.67328   18.720  0.114300
 7512.69441   18.779  0.093100
 7512.72362   18.652  0.096400
 7512.74350   18.677  0.073700
 7512.74510   18.759  0.072000
 7512.77010   18.727  0.057400
 7512.78705   18.611  0.075900
 7512.80814   18.746  0.077700
 7512.82608   18.733  0.077000
 7512.85919   18.854  0.098700
 7512.89510   18.753  0.097700
 7512.91235   18.772  0.079400
 7515.82561   18.640  0.107500
 7515.84315   18.640  0.113400
 7516.62717   18.720  0.076200
 7516.66565   18.652  0.054200
 7516.68596   18.759  0.058900
 7516.74980   18.565  0.180400
 7517.67327   18.634  0.112900
 7517.69449   18.622  0.194400
 7517.71248   18.740  0.090300
 7517.74108   18.714  0.075800
 7517.76083   18.766  0.131600
 7517.77813   18.833  0.104100
 7517.79537   18.861  0.113500
 7520.70085   18.720  0.108000
 7520.71775   18.799  0.094500
 7520.73532   18.664  0.085200
 7520.75273   18.582  0.097100
 7520.75986   18.605  0.075600
 7520.77669   18.766  0.078900
 7520.81285   18.759  0.104700
 7520.84541   18.740  0.135400
 7520.86733   18.740  0.083800
 7520.88976   18.689  0.093000
 7520.90830   18.683  0.086400
 7520.93740   18.875  0.100400
 7522.65525   18.565  0.101500
 7522.67292   18.526  0.104000
 7522.69365   18.695  0.062300
 7522.71119   18.646  0.066000
 7522.74665   18.683  0.074000
 7522.76411   18.766  0.072400
 7522.78146   18.683  0.061700
 7522.79976   18.677  0.061400
 7522.82298   18.683  0.055500
 7522.85215   18.565  0.101500
 7523.63874   18.617  0.082100
 7523.65610   18.677  0.079800
 7523.67364   18.634  0.077300
 7523.69483   18.785  0.187100
 7523.72292   18.708  0.075500
 7523.74100   18.819  0.082300
 7523.75868   18.695  0.081000
 7523.77591   18.772  0.066100
 7523.79889   18.799  0.074300
 7523.83351   18.714  0.069500
 7523.85079   18.677  0.061400
 7523.87045   18.720  0.069900
 7523.87376   18.582  0.057100
 7523.89453   18.766  0.072400
 7523.91049   18.799  0.081000
 7523.92772   18.759  0.078500
 7524.90308   18.753  0.071600
 7526.61571   18.792  0.094000
 7526.63324   18.695  0.130800
 7526.65048   18.695  0.087200
 7526.66939   18.812  0.109200
 7526.70248   18.599  0.121500
 7526.72017   18.701  0.093900
 7526.73865   18.683  0.074000
 7526.83350   18.826  0.124200
 7526.86528   18.548  0.155900
 7526.89219   18.854  0.084600
 7526.91130   18.812  0.143300
 7528.71964   18.689  0.192200
 7528.74228   18.733  0.096200
 7528.84755   18.753  0.084700
 7528.87800   18.883  0.137100
 7528.90847   18.720  0.082600
 7528.92676   18.634  0.065400
 7528.94486   18.695  0.093400
 7529.59851   18.537  0.115900
 7529.62064   18.588  0.109000
 7529.64278   18.708  0.106900
 7529.67111   18.904  0.117400
 7529.69110   18.708  0.106900
 7529.71356   18.766  0.125000
 7529.73104   18.543  0.088700
 7529.75008   18.799  0.108000
 7530.61341   18.695  0.112100
 7530.63077   18.652  0.114500
 7530.64805   18.701  0.100100
 7530.66578   18.785  0.100200
 7530.68370   18.753  0.104200
 7530.71094   18.746  0.090700
 7530.73119   18.792  0.094000
 7530.75029   18.727  0.083000
 7530.77084   18.652  0.078300
 7530.79187   18.766  0.131600
 7530.80982   18.912  0.125500
 7530.84310   18.658  0.090800
 7530.86103   18.766  0.111800
 7530.87826   18.689  0.105400
 7530.89595   18.714  0.101100
 7530.91334   18.812  0.122900
 7533.74621   18.759  0.222500
 7533.76657   18.766  0.243400
 7534.59481   18.554  0.178900
 7534.61216   18.785  0.274000
 7534.62974   18.714  0.126400
 7534.65911   18.708  0.069200
 7534.67641   18.695  0.062300
 7534.69371   18.714  0.063200
 7534.71231   18.746  0.064800
 7534.73090   18.708  0.062900
 7534.76107   18.677  0.061400
 7534.78609   18.658  0.060500
 7534.80404   18.714  0.063200
 7534.82615   18.772  0.066100
 7534.84346   18.714  0.063200
 7534.86203   18.720  0.063500
 7534.89182   18.753  0.110700
 7534.90924   18.733  0.083400
 7534.92696   18.714  0.082200
 7536.58529   18.766  0.092100
 7536.60460   18.766  0.125000
 7536.64078   18.785  0.066800
 7536.66122   18.689  0.062000
 7536.67864   18.677  0.055300
 7536.70152   18.740  0.058000
 7536.71946   18.646  0.209900
 7536.74268   18.785  0.147000
 7536.77077   18.714  0.063200
 7536.78884   18.720  0.057200
 7536.80628   18.677  0.049100
 7536.82351   18.689  0.055800
 7536.84062   18.701  0.056300
 7536.86950   18.766  0.065800
 7536.88972   18.792  0.073900
 7536.90542   18.708  0.069200
 7536.92338   18.746  0.077700
 7545.71785   18.701  0.068800
 7545.73030   18.677  0.067500
 7545.73203   18.689  0.068200
 7545.73546   18.671  0.067200
 7545.85939   18.677  0.073700
 7545.90999   18.819  0.315700
 7545.91150   18.605  0.075600
 7545.91485   18.664  0.079100
 7545.91793   18.677  0.073700
 7546.75753   18.652  0.048200
 7546.79242   18.622  0.047100
 7546.81024   18.622  0.047100
 7546.83432   18.695  0.056100
 7546.85500   18.611  0.058400
 7546.87741   18.727  0.063800
 7546.90931   18.772  0.086000
 7547.57293   18.701  0.068800
 7547.59060   18.664  0.066900
 7547.60891   18.720  0.063500
 7547.62925   18.658  0.060500
 7547.65970   18.701  0.062600
 7547.67717   18.701  0.056300
 7547.69478   18.664  0.060800
 7547.71211   18.658  0.054500
 7547.73685   18.695  0.056100
 7547.76670   18.772  0.072700
 7547.78576   18.605  0.063900
 7547.80356   18.683  0.067900
 7547.82103   18.548  0.061200
 7547.83809   18.605  0.058100
 7547.85663   18.727  0.063800
 7547.88515   18.689  0.068200
 7547.90192   18.819  0.075500
 7547.92005   18.727  0.070200
 7548.62688   18.689  0.055800
 7548.64479   18.634  0.059400
 7548.66289   18.701  0.056300
 7548.69317   18.664  0.048700
 7548.71879   18.708  0.050300
 7548.73837   18.714  0.056900
 7548.75884   18.733  0.057700
 7548.77728   18.640  0.053700
 7548.80697   18.708  0.056600
 7548.82437   18.727  0.057400
 7548.84197   18.740  0.070900
 7549.66514   18.634  0.107000
 7549.69415   18.677  0.049100
 7549.71431   18.664  0.054700
 7549.73221   18.664  0.054700
 7549.75083   18.733  0.057700
 7549.76902   18.727  0.057400
 7549.79892   18.733  0.057700
 7549.81617   18.727  0.057400
 7549.83365   18.701  0.056300
 7549.85307   18.708  0.056600
 7549.87016   18.720  0.057200
 7549.90120   18.766  0.072400
 7549.91941   18.785  0.080200
 7550.56542   18.766  0.078900
 7550.58475   18.779  0.086400
 7550.60199   18.582  0.068500
 7550.61952   18.695  0.068500
 7550.64776   18.593  0.063400
 7550.66494   18.819  0.082300
 7550.68315   18.664  0.066900
 7550.79045   18.664  0.073000
 7550.80861   18.593  0.063400
 7550.83752   18.727  0.076600
 7550.85487   18.677  0.067500
 7550.87377   18.779  0.079800
 7550.89285   18.720  0.082600
 7551.66672   18.733  0.083400
 7551.69847   18.714  0.088500
 7551.71594   18.664  0.054700
 7551.72112   18.664  0.054700
 7551.73810   18.720  0.057200
 7551.75512   18.746  0.596100
 7551.77301   18.727  0.063800
 7551.80318   18.593  0.074900
 7554.55080   18.701  0.156500
 7554.57023   18.772  0.092600
 7554.58931   18.646  0.072000
 7554.60855   18.622  0.058900
 7554.62614   18.701  0.062600
 7554.65405   18.576  0.056900
 7554.67270   18.695  0.093400
 7554.78426   18.714  0.069500
 7554.80127   18.819  0.102900
 7554.81927   18.622  0.070700
 7554.83910   18.617  0.058600
 7554.86849   18.559  0.123500
 7555.53779   18.677  0.073700
 7555.55592   18.588  0.063100
 7555.58196   18.677  0.067500
 7555.60167   18.677  0.067500
 7555.61914   18.582  0.062800
 7555.65060   18.683  0.061700
 7555.67082   18.658  0.060500
 7555.69245   18.658  0.060500
 7555.71181   18.617  0.058600
 7555.73125   18.658  0.066600
 7555.75946   18.646  0.060000
 7555.78040   18.701  0.056300
 7555.80563   18.588  0.057400
 7555.82307   18.582  0.057100
 7555.84018   18.701  0.068800
 7555.86908   18.677  0.067500
 7555.87715   18.683  0.067900
 7555.89165   18.677  0.067500
 7556.70079   18.740  0.245000
 7556.72246   18.840  0.188300
 7556.74025   18.664  0.103400
 7557.52310   18.605  0.081400
 7557.54614   18.640  0.077600
 7557.56388   18.599  0.063600
 7557.59303   18.593  0.063400
 7557.61028   18.646  0.078000
 7557.62813   18.548  0.061200
 7557.64562   18.510  0.054100
 7557.66420   18.571  0.062300
 7557.69304   18.605  0.063900
 7557.71386   18.640  0.071700
 7557.73258   18.565  0.062000
 7557.75032   18.605  0.063900
 7557.76779   18.515  0.065200
 7557.79661   18.588  0.068800
 7557.81596   18.559  0.067400
 7557.83365   18.695  0.074700
 7557.85154   18.628  0.076900
 7557.87217   18.683  0.092500
 7557.87358   18.605  0.087200
 7557.89262   18.652  0.096400
 7558.51882   18.559  0.101000
 7558.54830   18.559  0.101000
 7558.56764   18.634  0.112900
 7558.58576   18.571  0.147200
 7558.60379   18.611  0.099200
 7558.62220   18.671  0.189400
 7558.64002   18.515  0.135700
 7558.66863   18.510  0.070300
 7558.68637   18.488  0.058500
 7558.70629   18.504  0.070000
 7558.72548   18.759  0.111300
 7558.74312   18.611  0.099200
 7558.77142   18.488  0.127700
 7558.79337   18.720  0.190500
 7558.81804   18.664  0.194600
 7558.83573   18.593  0.161300
 7558.85348   18.701  0.200300
 7558.87343   18.640  0.185100
 7558.88797   18.785  0.220500
 7559.57479   18.504  0.134600
 7559.59530   18.559  0.157200
 7559.61267   18.406  0.100100
 7559.63060   18.521  0.109000
 7559.64784   18.565  0.118400
 7559.71563   18.526  0.115000
 7559.73347   18.457  0.114300
 7559.75185   18.478  0.132000
 7559.78638   18.467  0.125700
 7559.82027   18.605  0.151100
 7559.83811   18.510  0.151400
 7559.85561   18.593  0.155500
 7559.87396   18.386  0.162800
 7559.88829   18.526  0.175200
 7560.53167   18.446  0.113500
 7560.54919   18.526  0.115000
 7560.57823   18.537  0.115900
 7560.59688   18.622  0.117800
 7560.61483   18.543  0.105300
 7560.63820   18.526  0.109500
 7560.65680   18.451  0.082800
 7560.68635   18.431  0.081600
 7560.70375   18.554  0.089400
 7560.72455   18.451  0.082800
 7560.74245   18.472  0.084100
 7560.76056   18.571  0.090600
 7560.77703   18.582  0.097100
 7560.80487   18.611  0.110900
 7560.82205   18.467  0.089000
 7560.83929   18.634  0.107000
 7560.86271   18.537  0.115900
 7560.86850   18.548  0.111300
 7560.88556   18.436  0.107500
 7561.52129   18.543  0.094200
 7561.54206   18.543  0.077600
 7561.57162   18.510  0.173000
 7561.59049   18.467  0.110000
 7561.60893   18.396  0.059600
 7561.64890   18.510  0.070300
 7561.67711   18.406  0.060100
 7561.69690   18.381  0.054100
 7561.71748   18.457  0.057200
 7561.73481   18.494  0.064100
 7561.75180   18.451  0.057000
 7561.76952   18.559  0.140300
 7561.80045   18.361  0.063000
 7561.84111   18.488  0.085100
 7561.85838   18.431  0.081600
 7561.87263   18.494  0.090800
 7561.88703   18.499  0.091200
 7562.52212   18.366  0.072900
 7562.54043   18.333  0.090100
 7562.57179   18.441  0.071900
 7562.57482   18.426  0.066000
 7562.59086   18.532  0.082500
 7562.68830   18.446  0.092800
 7562.74319   18.396  0.109300
 7566.55132   17.680  0.030500
 7566.57508   17.665  0.030200
 7566.59235   17.717  0.034400
 7566.60970   17.668  0.030300
 7566.63202   17.659  0.027100
 7566.66094   17.698  0.030900
 7566.68402   17.655  0.024100
 7566.70284   17.668  0.048500
 7566.72001   17.665  0.030200
 7566.74319   17.599  0.026200
 7566.76036   17.620  0.029400
 7566.78248   17.643  0.026900
 7566.81061   17.591  0.026000
 7566.82851   17.605  0.029200
 7566.84619   17.591  0.034700
 7566.86046   17.573  0.031500
 7568.52718   16.417  0.011500
 7568.54583   16.408  0.014700
 7568.56286   16.409  0.011500
 7568.59119   16.338  0.028700
 7568.61142   16.380  0.017800
 7568.62896   16.378  0.011300
 7568.64614   16.386  0.011400
 7568.66426   16.381  0.042100
 7568.69631   16.351  0.009600
 7568.71558   16.352  0.009600
 7568.73335   16.346  0.011200
 7568.75155   16.335  0.011200
 7568.77265   16.330  0.009600
 7568.80854   16.360  0.011300
 7568.82647   16.354  0.011200
 7569.51015   16.922  0.018200
 7569.52843   16.922  0.016200
 7569.55075   16.931  0.016200
 7569.57833   16.943  0.026500
 7569.60789   16.941  0.048900
 7569.62690   16.990  0.045900
 7569.64468   16.976  0.031100
 7569.66347   16.988  0.039600
 7569.68197   16.992  0.016700
 7569.71047   17.073  0.026100
 7569.72821   17.037  0.017100
 7569.74607   17.076  0.032600
 7569.76389   17.091  0.017500
 7569.78256   17.111  0.019900
 7569.81121   17.124  0.029000
 7570.54133   17.501  0.032900
 7570.58996   17.562  0.039800
 7570.69124   17.620  0.032400
 7570.70853   17.602  0.043700
 7570.72589   17.637  0.077300
 7570.75403   17.570  0.042800
 7570.79389   17.689  0.058300
 7570.81147   17.671  0.027300
 7570.82681   17.637  0.083300
 7570.84202   17.635  0.029700
 7575.48234   18.295  0.064600
 7575.51028   18.391  0.059400
 7575.55527   18.478  0.052800
 7575.57268   18.411  0.050200
 7575.59024   18.366  0.048600
 7575.60787   18.472  0.052600
 7575.62549   18.416  0.050400
 7575.67230   18.431  0.045900
 7575.69796   18.401  0.044900
 7575.72099   18.416  0.040300
 7575.74264   18.451  0.046600
 7575.76183   18.451  0.046600
 7575.79052   18.467  0.047100
 7575.80865   18.488  0.058500
 7575.83075   18.543  0.055400
 7576.51924   18.532  0.082500
 7576.55044   18.441  0.071900
 7576.58636   18.521  0.060000
 7576.65962   18.504  0.048500
 7576.67817   18.526  0.054700
 7576.70777   18.499  0.048300
 7576.72625   18.565  0.056400
 7576.74392   18.510  0.059500
 7576.76160   18.548  0.055700
 7576.77935   18.488  0.047900
 7576.80792   18.617  0.058600
 7576.82226   18.526  0.060200
 7584.49710   18.617  0.088000
 7584.51902   18.588  0.086000
 7584.53636   18.701  0.087600
 7584.55402   18.652  0.084400
 7584.57202   18.720  0.082600
 7584.59973   18.652  0.078300
 7584.61950   18.677  0.079800
 7584.64162   18.701  0.075100
 7584.65958   18.622  0.064800
 7584.67756   18.664  0.073000
 7584.69501   18.617  0.064500
 7584.73239   18.599  0.069400
 7584.75003   18.779  0.086400
 7584.77047   18.652  0.078300
 7584.78754   18.504  0.075400
 7584.80554   18.526  0.082100
 7584.81252   18.733  0.089800
 7584.82747   18.714  0.126400
 7585.47213   18.593  0.097900
 7585.50641   18.617  0.076200
 7585.52489   18.652  0.078300
 7585.54253   18.740  0.077400
 7585.56033   18.695  0.074700
 7585.57936   18.720  0.082600
 7585.60846   18.701  0.075100
 7585.63150   18.740  0.064500
 7585.65210   18.664  0.079100
 7585.67015   18.708  0.100600
 7585.68887   18.746  0.090700
 7585.72512   18.664  0.085200
 7585.74292   18.622  0.212000
 7585.76063   18.664  0.133800
 7585.77643   18.559  0.123500
 7585.79470   18.847  0.224400
 7585.81197   18.677  0.092100
 7586.73214   18.785  0.120300
 7586.76104   18.759  0.124400
 7586.77853   18.708  0.119500
 7586.79839   18.779  0.119700
 7586.80294   18.714  0.107400
 7586.82130   18.554  0.111800
 7587.54835   18.689  0.117800
 7587.56614   18.526  0.235400
 7587.58394   18.942  0.158800
 7587.68039   18.640  0.107500
 7587.69832   18.812  0.245700
 7587.71613   18.576  0.250200
 7587.73384   18.554  0.335400
 7589.65404   18.740  0.090300
 7589.73973   18.883  0.158700
 7589.75724   18.617  0.134900
 7589.77480   18.677  0.079800
 7589.78237   18.695  0.093400
 7589.79686   18.740  0.109600
 7590.48154   18.605  0.063900
 7590.49951   18.792  0.080600
 7590.52789   18.740  0.077400
 7590.55819   18.677  0.067500
 7590.57601   18.727  0.089400
 7590.59388   18.727  0.070200
 7590.61391   18.720  0.069900
 7590.63340   18.779  0.086400
 7590.66231   18.806  0.081500
 7590.67973   18.785  0.080200
 7590.69709   18.753  0.097700
 7590.73716   18.677  0.079800
 7590.76619   18.733  0.089800
 7590.79571   18.792  0.107500
 7591.48815   18.634  0.059400
 7591.50709   18.708  0.062900
 7591.52615   18.683  0.055500
 7591.54357   18.701  0.056300
 7591.56110   18.759  0.065500
 7591.59036   18.695  0.062300
 7591.60817   18.683  0.074000
 7591.62712   18.753  0.065100
 7591.63597   18.740  0.077400
 7591.67126   18.708  0.069200
 7591.68878   18.733  0.070600
 7591.71913   18.652  0.120500
 7591.73668   18.766  0.111800
 7591.75451   18.779  0.099700
 7591.77206   18.799  0.162100
 7591.77791   18.740  0.161200
 7591.79389   18.733  0.089800
 7593.49120   18.677  0.067500
 7593.50873   18.708  0.056600
 7593.53742   18.708  0.069200
 7593.57368   18.720  0.076200
 7593.59211   18.753  0.065100
 7593.64131   18.727  0.063800
 7593.65897   18.766  0.111800
 7593.67641   18.664  0.054700
 7593.69392   18.746  0.071300
 7593.77725   18.720  0.108000
 7593.79195   18.826  0.075900
 7595.52162   18.733  0.089800
 7595.56956   18.683  0.080200
 7595.58947   18.753  0.078100
 7595.61225   18.799  0.081000
 7595.63193   18.759  0.078500
 7595.65040   18.628  0.071000
 7595.67903   18.854  0.077600
 7595.69708   18.740  0.070900
 7595.71506   18.677  0.061400
 7595.73477   18.740  0.077400
 7595.75203   18.812  0.088700
 7595.78253   18.634  0.083200
 7595.78827   18.695  0.081000
 7596.49881   18.753  0.071600
 7596.51691   18.652  0.072300
 7596.53457   18.779  0.079800
 7596.55213   18.689  0.099200
 7597.49678   18.646  0.102000
 7597.52334   18.708  0.062900
 7597.54084   18.683  0.074000
 7597.55888   18.646  0.060000
 7597.57685   18.759  0.072000
 7597.60727   18.753  0.084700
 7597.62465   18.677  0.067500
 7597.64189   18.779  0.059800
 7597.66255   18.772  0.066100
 7597.68122   18.766  0.065800
 7597.69932   18.740  0.064500
 7597.72775   18.806  0.081500
 7597.74712   18.720  0.076200
 7597.76500   18.812  0.081900
 7597.78228   18.714  0.088500
 7598.49776   18.772  0.079400
 7598.51480   18.599  0.069400
 7598.53254   18.683  0.074000
 7598.56308   18.740  0.064500
 7598.58406   18.840  0.076700
 7598.60304   18.733  0.064100
 7598.62117   18.683  0.067900
 7598.64029   18.671  0.067200
 7598.67194   18.904  0.095400
 7598.68939   18.779  0.073100
 7598.70774   18.746  0.077700
 7598.72557   18.740  0.096700
 7598.74994   18.617  0.088000
 7598.77971   18.605  0.081400
 7599.49926   18.689  0.062000
 7599.51802   18.708  0.056600
 7599.53668   18.646  0.054000
 7599.55391   18.658  0.048400
 7599.57127   18.689  0.043400
 7599.59158   18.646  0.042000
 7599.62274   18.622  0.041200
 7599.64218   18.664  0.048700
 7599.65967   18.677  0.049100
 7599.68040   18.746  0.058300
 7599.69848   18.708  0.056600
 7599.72855   18.689  0.062000
 7599.74759   18.753  0.065100
 7599.76840   18.708  0.062900
 7599.78274   18.720  0.063500
 7600.48553   18.622  0.047100
 7600.50473   18.677  0.049100
 7600.52259   18.664  0.048700
 7600.54055   18.634  0.041600
 7600.57130   18.652  0.048200
 7600.59423   18.640  0.047800
 7600.61319   18.708  0.056600
 7600.61793   18.664  0.060800
 7600.63740   18.753  0.065100
 7600.65504   18.733  0.083400
 7600.68685   18.695  0.056100
 7600.72000   18.772  0.079400
 7600.72508   18.766  0.085500
 7600.74306   18.671  0.079400
 7600.76258   18.812  0.116000
 7600.77782   18.897  0.255400
 7601.50630   18.664  0.079100
 7601.52414   18.658  0.054500
 7601.54172   18.708  0.088000
 7601.57077   18.799  0.101300
 7601.57985   18.695  0.068500
 7601.59785   18.826  0.131100
 7601.61532   18.792  0.094000
 7601.63440   18.708  0.056600
 7601.65192   18.652  0.355500
 7601.68079   18.720  0.088900
 7601.69850   18.785  0.140300
 7601.71605   18.875  0.071700
 7601.73358   18.904  0.095400
 7601.75990   18.840  0.083700
 7602.49424   18.628  0.071000
 7602.52275   18.695  0.062300
 7602.54030   18.695  0.062300
 7602.55811   18.695  0.056100
 7602.57592   18.785  0.066800
 7602.59897   18.701  0.062600
 7602.61708   18.840  0.076700
 7602.64614   18.714  0.056900
 7602.66354   18.720  0.057200
 7602.67235   18.746  0.058300
 7602.69028   18.714  0.056900
 7602.70919   18.714  0.063200
 7602.72597   18.779  0.059800
 7602.74466   18.785  0.073500
 7602.75911   18.671  0.067200
 7603.49658   18.766  0.065800
 7603.51430   18.652  0.048200
 7603.53199   18.646  0.048000
 7603.54976   18.677  0.049100
 7603.56728   18.634  0.047500
 7603.59731   18.714  0.050600
 7603.61494   18.720  0.057200
 7603.63262   18.733  0.051300
 7603.65018   18.779  0.053200
 7603.66809   18.708  0.050300
 7603.69777   18.714  0.050600
 7603.71533   18.792  0.060500
 7603.73279   18.847  0.063100
 7603.74162   18.766  0.059200
 7603.75733   18.740  0.064500
 7605.48554   18.720  0.057200
 7605.50506   18.677  0.049100
 7605.52249   18.689  0.049600
 7605.53989   18.740  0.051600
 7605.55726   18.746  0.058300
 7605.58961   18.727  0.057400
 7605.60838   18.634  0.047500
 7605.62648   18.740  0.058000
 7605.64417   18.799  0.060800
 7605.66184   18.683  0.055500
 7605.67964   18.695  0.056100
 7605.70811   18.792  0.067200
 7605.72562   18.714  0.069500
 7605.73743   18.753  0.071600
 7605.75188   18.766  0.072400
 7606.47890   18.701  0.068800
 7606.49633   18.714  0.063200
 7606.51417   18.720  0.057200
 7606.54399   18.701  0.062600
 7606.56303   18.689  0.055800
 7606.58274   18.714  0.056900
 7606.60806   18.695  0.056100
 7606.62928   18.622  0.064800
 7606.65819   18.727  0.057400
 7606.67624   18.785  0.066800
 7606.69371   18.714  0.069500
 7606.71127   18.759  0.065500
 7606.72880   18.799  0.074300
 7606.74938   18.677  0.073700
 7606.76372   18.806  0.088300
 7607.48927   18.677  0.049100
 7607.50868   18.664  0.048700
 7607.52628   18.708  0.062900
 7607.54394   18.695  0.056100
 7607.57005   18.720  0.057200
 7607.58945   18.695  0.056100
 7607.61842   18.733  0.057700
 7607.63673   18.785  0.060100
 7607.65538   18.740  0.064500
 7607.67318   18.854  0.077600
 7607.69066   18.759  0.065500
 7607.71931   18.785  0.073500
 7607.74438   18.746  0.077700
 7608.47832   18.689  0.055800
 7608.49782   18.708  0.056600
 7608.51590   18.720  0.057200
 7608.53364   18.714  0.056900
 7608.56736   18.785  0.060100
 7608.58808   18.720  0.057200
 7608.60790   18.695  0.056100
 7608.62682   18.792  0.067200
 7608.64486   18.766  0.065800
 7608.67455   18.766  0.059200
 7608.70642   18.740  0.064500
 7608.72466   18.772  0.066100
 7608.74375   18.714  0.069500
 7608.75917   18.671  0.061100
 7609.47941   18.646  0.054000
 7609.49756   18.677  0.055300
 7609.51890   18.701  0.050100
 7609.55392   18.753  0.058600
 7609.57949   18.695  0.056100
 7609.59729   18.740  0.058000
 7609.61478   18.701  0.056300
 7609.63781   18.759  0.058900
 7609.66912   18.720  0.057200
 7609.68665   18.740  0.058000
 7609.70799   18.799  0.060800
 7609.72494   18.759  0.065500
 7609.73524   18.759  0.072000
 7609.75035   18.854  0.070500
 7610.46569   18.720  0.095300
 7610.48341   18.708  0.119500
 7610.51345   18.652  0.054200
 7610.53065   18.695  0.049800
 7610.54870   18.759  0.058900
 7610.57252   18.689  0.049600
 7610.59966   18.701  0.056300
 7610.61885   18.766  0.065800
 7610.65084   18.766  0.065800
 7610.66845   18.671  0.067200
 7610.68628   18.746  0.071300
 7610.70381   18.740  0.064500
 7610.72167   18.646  0.066000
 7610.74316   18.772  0.079400
 7611.46931   18.701  0.081400
 7611.59328   18.826  0.089700
 7611.61206   18.701  0.062600
 7611.63069   18.897  0.087600
 7611.64830   18.759  0.072000
 7611.68059   18.658  0.072600
 7611.69981   18.806  0.081500
 7611.71869   18.746  0.084200
 7611.72746   18.720  0.069900
 7611.74245   18.779  0.086400
 7612.46474   18.640  0.107500
 7612.48208   18.812  0.075100
 7612.49990   18.664  0.091200
 7612.52813   18.701  0.062600
 7612.54617   18.695  0.062300
 7612.56586   18.727  0.070200
 7612.58502   18.720  0.069900
 7612.60434   18.826  0.075900
 7612.62268   18.772  0.072700
 7612.65165   18.840  0.083700
 7612.66968   18.772  0.072700
 7612.68697   18.868  0.085600
 7612.70506   18.897  0.087600
 7612.72330   18.785  0.080200
 7612.73928   18.746  0.084200
 7613.47288   18.617  0.076200
 7613.50146   18.695  0.074700
 7613.52264   18.727  0.070200
 7613.54443   18.689  0.062000
 7613.56313   18.759  0.091600
 7613.58225   18.772  0.086000
 7613.61226   18.746  0.084200
 7613.63000   18.799  0.087800
 7613.64775   18.812  0.102400
 7613.66537   18.628  0.082800
 7613.68283   18.819  0.102900
 7613.71150   18.708  0.088000
 7613.72900   18.792  0.100800
 7613.74397   18.746  0.103700
 7614.47613   18.714  0.094800
 7614.49408   18.799  0.108000
 7614.51380   18.766  0.092100
 7614.53268   18.683  0.092500
 7614.55074   18.683  0.080200
 7614.58524   18.875  0.179300
 7614.60781   18.806  0.176500
 7614.64001   18.833  0.124900
 7614.65904   18.708  0.106900
 7614.67806   18.875  0.121900
 7614.70736   18.646  0.120000
 7614.71964   18.799  0.135100
 7614.73470   18.611  0.116800
 7615.47923   18.727  0.102100
 7615.49702   18.727  0.102100
 7615.53377   18.890  0.224900
 7615.59951   18.819  0.343100
 7615.61710   18.720  0.108000
 7615.63479   18.868  0.121300
 7615.68635   18.683  0.111000
 7615.70557   18.766  0.131600
 7615.72036   18.622  0.111900
 7616.47620   18.582  0.091400
 7616.49373   18.689  0.086800
 7616.51588   18.753  0.097700
 7616.53381   18.677  0.079800
 7616.56269   18.806  0.081500
 7616.58021   18.708  0.062900
 7616.60867   18.740  0.070900
 7616.62640   18.671  0.067200
 7616.64372   18.792  0.073900
 7616.67462   18.708  0.075500
 7616.69213   18.785  0.086900
 7616.70388   18.812  0.095600
 7616.71884   18.819  0.096100
 7617.46913   18.695  0.105900
 7617.48718   18.689  0.074400
 7617.50494   18.714  0.082200
 7617.55120   18.677  0.061400
 7617.56890   18.664  0.060800
 7617.58674   18.664  0.060800
 7617.60541   18.708  0.062900
 7617.62362   18.701  0.062600
 7617.65538   18.677  0.067500
 7617.68540   18.720  0.076200
 7617.70320   18.826  0.082800
 7617.71767   18.727  0.083000
 7618.46547   18.840  0.160400
 7618.48305   18.671  0.067200
 7618.50079   18.640  0.059700
 7618.51872   18.671  0.061100
 7618.53715   18.677  0.061400
 7618.56693   18.664  0.066900
 7618.58468   18.646  0.060000
 7618.60225   18.714  0.063200
 7618.61973   18.677  0.061400
 7618.63733   18.683  0.061700
 7618.66698   18.727  0.076600
 7618.68458   18.812  0.081900
 7618.69791   18.854  0.091700
 7618.71264   18.695  0.087200
 7619.47386   18.720  0.076200
 7619.47533   18.733  0.077000
 7619.49314   18.720  0.069900
 7619.51107   18.720  0.076200
 7619.54552   18.689  0.068200
 7619.56369   18.671  0.079400
 7619.63545   18.714  0.088500
 7619.66607   18.746  0.097200
 7619.69464   18.806  0.101800
 7620.49237   18.689  0.080600
 7620.51026   18.689  0.086800
 7620.53992   18.708  0.088000
 7620.55814   18.826  0.082800
 7620.59486   18.695  0.081000
 7620.61329   18.727  0.076600
 7620.64675   18.605  0.081400
 7620.66442   18.640  0.083600
 7621.47526   18.714  0.069500
 7621.49343   18.733  0.077000
 7621.52182   18.753  0.065100
 7621.54198   18.658  0.084800
 7621.56003   18.847  0.084200
 7621.57850   18.720  0.069900
 7621.59728   18.772  0.086000
 7621.61526   18.740  0.077400
 7621.64642   18.766  0.065800
 7621.66467   18.753  0.071600
 7621.68346   18.759  0.072000
 7621.68951   18.861  0.092200
 7621.70408   18.840  0.090700
 7622.46639   18.727  0.165900
 7622.47195   18.695  0.087200
 7622.49052   18.677  0.055300
 7622.50937   18.720  0.050800
 7622.54460   18.683  0.061700
 7622.56244   18.727  0.063800
 7622.58031   18.753  0.078100
 7622.59804   18.714  0.069500
 7622.61562   18.812  0.081900
 7622.66158   18.658  0.072600
 7622.68064   18.733  0.077000
 7622.68502   18.652  0.072300
 7623.46664   18.772  0.145500
 7623.48432   18.677  0.061400
 7623.50417   18.683  0.055500
 7623.50578   18.652  0.054200
 7623.53587   18.785  0.073500
 7623.55392   18.812  0.068300
 7623.57204   18.806  0.067900
 7623.59058   18.753  0.065100
 7623.60815   18.772  0.066100
 7623.62621   18.740  0.064500
 7623.65482   18.677  0.073700
 7623.67281   18.759  0.078500
 7623.68309   18.708  0.075500
 7623.69905   18.658  0.072600
 7624.48273   18.720  0.082600
 7624.50362   18.759  0.072000
 7624.52206   18.799  0.074300
 7624.57589   18.740  0.070900
 7624.59407   18.759  0.072000
 7624.61187   18.720  0.057200
 7624.62981   18.677  0.061400
 7624.65946   18.727  0.063800
 7624.67999   18.720  0.076200
 7624.68298   18.759  0.078500
 7624.69792   18.677  0.079800
 7625.48266   18.727  0.063800
 7625.50267   18.634  0.053500
 7625.52309   18.779  0.066500
 7625.55606   18.746  0.071300
 7625.57475   18.766  0.072400
 7625.59307   18.689  0.062000
 7625.61123   18.714  0.056900
 7625.62951   18.799  0.067500
 7625.64761   18.708  0.062900
 7625.67625   18.772  0.072700
 7625.67936   18.833  0.076300
 7625.69397   18.740  0.064500
 7626.48373   18.746  0.064800
 7626.50143   18.634  0.053500
 7626.52004   18.683  0.049400
 7626.53821   18.658  0.054500
 7626.56768   18.695  0.049800
 7626.58542   18.677  0.055300
 7626.61212   18.759  0.065500
 7626.63267   18.720  0.063500
 7626.65083   18.759  0.058900
 7626.67509   18.740  0.064500
 7626.69025   18.740  0.064500
 7629.47111   18.617  0.134900
 7629.48927   18.622  0.076600
 7629.50850   18.733  0.077000
 7629.52852   18.727  0.076600
 7629.54876   18.746  0.077700
 7629.58825   18.640  0.065700
 7629.61702   18.701  0.068800
 7629.63531   18.753  0.065100
 7629.65592   18.683  0.067900
 7629.67490   18.779  0.073100
 7629.69114   18.708  0.069200
 7630.47992   18.708  0.062900
 7630.49840   18.733  0.057700
 7630.52736   18.740  0.058000
 7630.56589   18.689  0.062000
 7630.58901   18.689  0.049600
 7630.60706   18.714  0.056900
 7630.63795   18.792  0.060500
 7630.65609   18.701  0.050100
 7630.67240   18.689  0.055800
 7630.68688   18.826  0.062100
 7631.48682   18.695  0.056100
 7631.50925   18.677  0.055300
 7631.52717   18.714  0.056900
 7631.56248   18.753  0.065100
 7631.58034   18.746  0.071300
 7631.59829   18.854  0.084600
 7631.61557   18.840  0.083700
 7631.63509   18.746  0.071300
 7631.65654   18.826  0.075900
 7631.68757   18.792  0.080600
 7632.57245   18.617  0.046900
 7632.59015   18.746  0.051800
 7632.60759   18.689  0.055800
 7632.62719   18.714  0.056900
 7632.64538   18.753  0.065100
 7632.68076   18.708  0.056600
 7633.47505   18.833  0.097100
 7633.49341   18.759  0.065500
 7633.51461   18.753  0.071600
 7633.53533   18.792  0.087300
 7633.55306   18.714  0.063200
 7633.58162   18.753  0.071600
 7633.59939   18.772  0.066100
 7633.61771   18.683  0.074000
 7633.63732   18.652  0.072300
 7633.65729   18.714  0.075800
 7635.51646   18.720  0.082600
 7635.53422   18.708  0.075500
 7635.55237   18.652  0.072300
 7635.57346   18.720  0.076200
 7635.59117   18.646  0.078000
 7635.62278   18.740  0.070900
 7635.64036   18.714  0.069500
 7635.65787   18.605  0.069700
 7635.67937   18.671  0.073300
 7636.47699   18.720  0.088900
 7636.49771   18.746  0.071300
 7636.51650   18.766  0.078900
 7636.54608   18.701  0.068800
 7636.56368   18.628  0.065100
 7636.59059   18.634  0.065400
 7636.60972   18.683  0.074000
 7636.62757   18.683  0.074000
 7636.65729   18.652  0.072300
 7636.66012   18.683  0.074000
 7636.67450   18.785  0.073500
 7637.47599   18.746  0.077700
 7637.49526   18.746  0.064800
 7637.51297   18.714  0.050600
 7637.53065   18.753  0.058600
 7637.54840   18.766  0.065800
 7637.57885   18.812  0.061400
 7637.59620   18.740  0.064500
 7637.61384   18.799  0.074300
 7637.66713   18.772  0.086000
 7638.48273   18.695  0.093400
 7638.50122   18.695  0.062300
 7638.52021   18.772  0.072700
 7638.56286   18.733  0.070600
 7638.58490   18.799  0.074300
 7638.60935   18.714  0.063200
 7638.62819   18.733  0.064100
 7638.64572   18.759  0.072000
 7639.47996   18.658  0.060500
 7639.49883   18.733  0.064100
 7639.51662   18.701  0.062600
 7639.53452   18.714  0.056900
 7639.55229   18.833  0.069400
 7639.58072   18.733  0.064100
 7639.59850   18.766  0.065800
 7639.61609   18.792  0.067200
 7639.63344   18.854  0.070500
 7639.63808   18.785  0.066800
 7639.65294   18.819  0.075500
 7640.47842   18.695  0.074700
 7640.49707   18.708  0.062900
 7640.52571   18.720  0.069900
 7640.54490   18.646  0.054000
 7640.56256   18.671  0.067200
 7640.58034   18.868  0.099900
 7640.61436   18.792  0.080600
 7640.63551   18.854  0.091700
 7640.65025   18.819  0.082300
 7641.48001   18.740  0.103100
 7641.49915   18.740  0.083800
 7641.51664   18.779  0.093100
 7641.52836   18.785  0.093500
 7641.54586   18.806  0.081500
 7641.56403   18.897  0.094900
 7641.61092   18.708  0.088000
 7641.62888   18.689  0.086800
 7641.63332   18.779  0.099700
 7641.64790   18.779  0.099700
 7642.47153   18.912  0.184600
 7642.48955   18.826  0.089700
 7642.50740   18.806  0.156100
 7642.53623   18.927  0.134500
 7642.55477   18.772  0.086000
 7642.57441   18.799  0.094500
 7642.59320   18.701  0.144000
 7642.61279   18.646  0.120000
 7642.63145   18.965  0.177100
 7642.64608   18.785  0.133600
 7643.49198   18.740  0.090300
 7643.52282   18.759  0.072000
 7643.54068   18.628  0.076900
 7643.55848   18.779  0.086400
 7643.57628   18.826  0.089700
 7643.59389   18.840  0.097700
 7643.62398   18.720  0.088900
 7643.62688   18.701  0.100100
 7644.47158   18.628  0.159800
 7644.48932   18.746  0.103700
 7644.50730   18.701  0.081400
 7644.52554   18.826  0.151800
 7644.54419   18.799  0.114800
 7644.57518   18.646  0.126000
 7644.59347   18.727  0.210600
 7644.61156   18.652  0.180800
 7644.62487   18.740  0.206300
 7644.63957   18.740  0.128900
 7645.49661   18.683  0.117200
 7645.52549   18.753  0.182300
 7645.54315   18.942  0.128500
 7645.56088   18.759  0.104700
 7645.57876   18.664  0.085200
 7645.59667   18.826  0.103500
 7645.61437   18.785  0.100200
 7645.62245   18.779  0.093100
 7645.63971   18.772  0.112400
 7647.49919   18.701  0.075100
 7647.51685   18.785  0.073500
 7647.53435   18.677  0.067500
 7647.55189   18.759  0.078500
 7647.56988   18.772  0.079400
 7647.60034   18.799  0.087800
 7647.61650   18.677  0.092100
 7647.63124   18.785  0.106900
 7648.49156   18.683  0.055500
 7648.50912   18.727  0.063800
 7648.52760   18.714  0.063200
 7648.54624   18.740  0.064500
 7648.57549   18.746  0.071300
 7648.59306   18.766  0.078900
 7648.61216   18.671  0.079400
 7648.62681   18.753  0.084700
 7649.49160   18.701  0.062600
 7649.50979   18.746  0.071300
 7649.52724   18.792  0.073900
 7649.55654   18.772  0.079400
 7649.57842   18.792  0.094000
 7649.61209   18.753  0.097700
 7649.62711   18.708  0.094300
 7650.48255   18.854  0.098700
 7650.50572   18.708  0.075500
 7650.52413   18.646  0.072000
 7650.55599   18.799  0.094500
 7650.56676   18.847  0.091200
 7650.58636   18.833  0.097100
 7650.60409   18.677  0.086000
 7650.60860   18.792  0.087300
 7650.62349   18.677  0.079800
 7651.47581   18.746  0.142500
 7651.49416   18.740  0.096700
 7651.51210   18.799  0.087800
 7651.54268   18.746  0.071300
 7651.56043   18.733  0.077000
 7651.57860   18.806  0.088300
 7651.59679   18.714  0.088500
 7651.62202   18.727  0.089400
 7653.48950   18.740  0.064500
 7653.50729   18.779  0.066500
 7653.53299   18.746  0.071300
 7653.55323   18.792  0.067200
 7653.57240   18.714  0.069500
 7653.59224   18.868  0.078500
 7653.59931   18.806  0.081500
 7653.61481   18.890  0.079800
 7654.49068   18.714  0.063200
 7654.51398   18.819  0.075500
 7654.53134   18.779  0.066500
 7654.56089   18.792  0.067200
 7654.57990   18.799  0.067500
 7654.59966   18.759  0.078500
 7654.60111   18.779  0.079800
 7654.61601   18.759  0.078500
 7655.49236   18.746  0.071300
 7655.51079   18.772  0.072700
 7655.52932   18.708  0.069200
 7655.55878   18.819  0.075500
 7655.57672   18.746  0.071300
 7655.59497   18.897  0.080300
 7655.60973   18.766  0.072400
 7656.49713   18.792  0.067200
 7656.51546   18.819  0.075500
 7656.53278   18.792  0.073900
 7656.56179   18.689  0.062000
 7656.58160   18.740  0.070900
 7656.59177   18.854  0.077600
 7656.60747   18.727  0.070200
 7657.49074   18.740  0.064500
 7657.50855   18.683  0.061700
 7657.52775   18.792  0.067200
 7657.54787   18.701  0.062600
 7657.57851   18.746  0.064800
 7657.58993   18.740  0.070900
 7657.60640   18.759  0.072000
 7658.49601   18.740  0.064500
 7658.51542   18.826  0.069000
 7658.53576   18.746  0.064800
 7658.55655   18.819  0.075500
 7658.57590   18.720  0.069900
 7658.58856   18.720  0.069900
 7658.60385   18.792  0.087300
 7659.50506   18.708  0.056600
 7659.52301   18.714  0.063200
 7659.54089   18.785  0.066800
 7659.56040   18.727  0.063800
 7659.57872   18.799  0.060800
 7659.58549   18.779  0.066500
 7659.60049   18.772  0.072700
 7660.53715   18.759  0.065500
 7660.55637   18.746  0.064800
 7660.57440   18.720  0.069900
 7660.58062   18.683  0.061700
 7660.59557   18.727  0.070200
 7661.48486   18.652  0.066300
 7661.50280   18.720  0.057200
 7661.52076   18.785  0.066800
 7661.54939   18.799  0.081000
 7661.56716   18.785  0.066800
 7661.57623   18.727  0.063800
 7661.59243   18.772  0.066100
 7662.47624   18.740  0.154700
 7662.49394   18.727  0.063800
 7662.51209   18.785  0.066800
 7662.53039   18.785  0.066800
 7662.54065   18.733  0.064100
 7662.56989   18.671  0.067200
 7662.58189   18.708  0.075500
 7662.59662   18.833  0.083200
 7663.50777   18.634  0.053500
 7663.52792   18.714  0.050600
 7663.54672   18.658  0.054500
 7663.55919   18.779  0.073100
 7663.56953   18.779  0.079800
 7663.58517   18.746  0.071300
 7664.49791   18.792  0.080600
 7664.51675   18.708  0.075500
 7664.54635   18.868  0.078500
 7664.56435   18.799  0.087800
 7664.57041   18.746  0.084200
 7664.58544   18.759  0.085100
 7665.51307   18.701  0.118900
 7665.53110   18.740  0.103100
 7665.56567   18.792  0.094000
 7666.50797   18.733  0.070600
 7666.52622   18.714  0.069500
 7666.54426   18.806  0.074700
 7666.56348   18.812  0.075100
 7666.57853   18.714  0.069500
 7667.51125   18.785  0.073500
 7667.52957   18.806  0.067900
 7667.54855   18.890  0.087100
 7667.55907   18.779  0.073100
 7667.57456   18.772  0.079400
 7668.50229   18.772  0.072700
 7668.52118   18.746  0.071300
 7668.55099   18.714  0.075800
 7668.55909   18.733  0.070600
 7668.57444   18.819  0.082300
 7669.49202   18.701  0.068800
 7669.51090   18.677  0.061400
 7669.52833   18.785  0.080200
 7669.54587   18.854  0.084600
 7669.55476   18.753  0.078100
 7669.56916   18.689  0.080600
 7670.49388   18.746  0.077700
 7670.51658   18.727  0.070200
 7670.53483   18.812  0.088700
 7670.55256   18.785  0.080200
 7670.57039   18.826  0.089700
 7671.52220   18.740  0.070900
 7671.54040   18.840  0.083700
 7671.54812   18.799  0.094500
 7671.56299   18.746  0.110100
 7672.49353   18.714  0.088500
 7672.51158   18.695  0.068500
 7672.53151   18.753  0.091200
 7672.54537   18.772  0.119000
 7673.48821   18.753  0.084700
 7673.51841   18.727  0.070200
 7673.53739   18.759  0.085100
 7673.54805   18.806  0.088300
 7673.56292   18.628  0.112400
 7675.49088   18.714  0.075800
 7675.50881   18.714  0.075800
 7675.53456   18.919  0.111400
 7675.53747   18.840  0.097700
 7675.55263   18.766  0.098700
 7676.48472   18.740  0.109600
 7676.51444   18.766  0.098700
 7676.53323   18.840  0.111600
 7676.54822   18.875  0.129100
