 7439.88691   18.773  0.072200
 7440.84996   18.718  0.072300
 7440.87127   18.678  0.061200
 7440.89214   18.678  0.067100
 7441.82927   18.716  0.072300
 7441.86144   18.649  0.064200
 7441.88269   18.702  0.063800
 7444.84713   18.811  0.071400
 7444.84881   18.779  0.070300
 7444.87293   18.714  0.058200
 7444.89646   18.742  0.069100
 7445.83558   18.682  0.065200
 7445.85789   18.686  0.065300
 7445.89113   18.635  0.054200
 7446.83252   18.716  0.062200
 7446.85554   18.614  0.051800
 7446.87708   18.700  0.051800
 7446.89860   18.624  0.063500
 7447.81770   18.738  0.073000
 7447.85722   18.666  0.053000
 7447.88236   18.704  0.057900
 7448.82323   18.907  0.088000
 7448.84641   18.823  0.073900
 7448.86896   18.769  0.063800
 7449.83473   18.815  0.082000
 7449.85728   18.823  0.076000
 7449.88070   18.750  0.067300
 7450.81844   18.804  0.092100
 7450.84328   18.849  0.083400
 7450.89268   18.806  0.085900
 7451.80145   18.952  0.096800
 7451.82385   18.870  0.082100
 7451.84584   18.840  0.074500
 7451.86796   18.748  0.061100
 7451.89216   18.704  0.057900
 7452.81813   18.819  0.069500
 7452.84116   18.682  0.057300
 7452.87776   18.630  0.048300
 7453.81495   18.757  0.061400
 7453.83862   18.726  0.056500
 7453.86111   18.722  0.052300
 7453.88508   18.708  0.050000
 7454.80217   18.798  0.064700
 7454.83768   18.718  0.056300
 7454.85887   18.663  0.050900
 7454.88054   18.643  0.044700
 7454.90281   18.631  0.044400
 7455.79693   18.853  0.090000
 7455.81743   18.761  0.069700
 7455.84928   18.686  0.055400
 7455.87015   18.732  0.060700
 7455.87182   18.702  0.053800
 7455.89465   18.686  0.057400
 7456.79024   18.694  0.061600
 7456.81133   18.742  0.056900
 7456.83397   18.704  0.053900
 7456.86964   18.628  0.048200
 7456.89093   18.698  0.049800
 7457.79459   18.757  0.075700
 7457.81560   18.736  0.064800
 7457.83921   18.645  0.056400
 7457.86121   18.657  0.056700
 7457.88200   18.696  0.053700
 7458.79234   18.744  0.065100
 7458.81346   18.724  0.056400
 7458.83714   18.732  0.056600
 7458.85843   18.684  0.049500
 7458.87943   18.684  0.049500
 7460.78992   18.769  0.065800
 7460.81118   18.692  0.055600
 7460.83222   18.702  0.055800
 7460.85565   18.704  0.051900
 7460.87639   18.661  0.047000
 7460.91056   18.696  0.065600
 7461.77963   18.813  0.071400
 7461.80334   18.738  0.075000
 7461.82621   18.769  0.057600
 7461.84795   18.714  0.054100
 7461.86982   18.702  0.049900
 7461.90424   18.676  0.051200
 7462.77849   18.868  0.082000
 7462.80259   18.788  0.068500
 7462.82699   18.682  0.055300
 7462.85182   18.670  0.051100
 7462.89703   18.708  0.052000
 7465.80109   18.761  0.077900
 7466.80126   18.714  0.084200
 7466.82148   18.665  0.082300
 7466.84177   18.684  0.065300
 7466.87398   18.750  0.059200
 7466.89455   18.635  0.046400
 7469.83113   18.722  0.094600
 7469.86590   18.720  0.062300
 7469.89079   18.722  0.066400
 7470.77892   18.734  0.119400
 7470.80229   18.712  0.126200
 7470.82655   18.639  0.126000
 7472.80193   18.663  0.074400
 7472.82497   18.716  0.064200
 7472.84703   18.670  0.055000
 7472.86787   18.661  0.050900
 7472.88856   18.724  0.060400
 7472.90937   18.655  0.052700
 7473.77791   18.834  0.087000
 7473.79914   18.761  0.092200
 7473.81974   18.670  0.082600
 7473.86005   18.686  0.057400
 7473.90523   18.641  0.048500
 7474.73782   18.757  0.083900
 7474.77106   18.728  0.072700
 7474.79351   18.736  0.066900
 7474.81370   18.688  0.061400
 7474.83414   18.840  0.076600
 7474.86726   18.771  0.072100
 7474.88761   18.676  0.059100
 7474.90790   18.645  0.060200
 7475.76612   18.708  0.074000
 7475.78975   18.663  0.064600
 7475.81131   18.732  0.070800
 7475.83659   18.666  0.058900
 7475.87155   18.690  0.061500
 7475.90343   18.710  0.060100
 7476.74420   18.748  0.079500
 7476.78236   18.748  0.101900
 7476.80124   18.712  0.062100
 7476.83461   18.716  0.062200
 7476.85664   18.690  0.063500
 7476.87721   18.716  0.062200
 7476.89894   18.694  0.065600
 7477.74256   18.688  0.095100
 7477.76385   18.763  0.080000
 7477.79727   18.684  0.075200
 7477.82231   18.783  0.082900
 7477.84438   18.730  0.088900
 7477.86558   18.815  0.077800
 7477.88700   18.726  0.080700
 7478.76561   18.722  0.072500
 7478.78925   18.678  0.059200
 7478.81191   18.670  0.059000
 7478.83678   18.655  0.058600
 7478.85975   18.655  0.052700
 7478.88143   18.639  0.054300
 7479.74477   18.775  0.076400
 7479.76269   18.688  0.065400
 7479.78042   18.769  0.067900
 7479.79822   18.855  0.070800
 7479.81592   18.753  0.067400
 7479.85334   18.728  0.064600
 7479.87112   18.825  0.069800
 7479.88968   18.720  0.056300
 7479.90934   18.838  0.076600
 7480.74328   18.580  0.071800
 7480.77232   18.682  0.069200
 7480.79206   18.597  0.060900
 7480.80979   18.757  0.073600
 7480.82731   18.761  0.077900
 7480.84534   18.672  0.072800
 7480.87407   18.790  0.072700
 7480.89190   18.718  0.062300
 7481.73269   18.700  0.061800
 7481.75089   18.775  0.070200
 7481.76956   18.755  0.071500
 7481.79025   18.736  0.056700
 7481.79341   18.796  0.060400
 7481.82251   18.842  0.081000
 7481.84114   18.718  0.054200
 7481.85936   18.668  0.051100
 7481.86083   18.649  0.050600
 7481.87781   18.724  0.060400
 7481.89892   18.777  0.097100
 7482.76969   18.728  0.088800
 7482.81408   18.690  0.057500
 7482.83381   18.688  0.073300
 7482.85495   18.605  0.074400
 7482.91076   18.653  0.097500
 7484.73771   18.630  0.069500
 7484.75812   18.742  0.079200
 7484.77672   18.698  0.069700
 7484.79629   18.761  0.067600
 7484.82888   18.783  0.064200
 7484.84940   18.716  0.060200
 7484.86894   18.698  0.055700
 7484.88858   18.670  0.047200
 7484.90847   18.657  0.052700
 7485.74052   18.692  0.071500
 7485.76855   18.708  0.064000
 7485.79748   18.692  0.049600
 7485.82579   18.645  0.064100
 7485.85746   18.734  0.060700
 7485.89557   18.692  0.053600
 7486.89100   18.722  0.060400
 7486.72439   18.657  0.072300
 7486.75177   18.736  0.064800
 7486.78658   18.698  0.053700
 7486.81008   18.728  0.060600
 7486.84112   18.744  0.059000
 7486.86563   18.720  0.058300
 7487.71496   18.765  0.078000
 7487.73549   18.686  0.075200
 7487.76717   18.708  0.060000
 7487.78532   18.724  0.064500
 7487.80588   18.736  0.062800
 7487.82675   18.666  0.053000
 7487.84425   18.680  0.051300
 7487.84760   18.680  0.053300
 7487.87608   18.694  0.053700
 7487.89744   18.706  0.051900
 7487.91823   18.761  0.065600
 7488.71083   18.781  0.068300
 7488.72954   18.763  0.069800
 7488.74728   18.734  0.070800
 7488.77562   18.796  0.066700
 7488.79957   18.720  0.054300
 7488.82102   18.716  0.054200
 7488.83911   18.706  0.053900
 7488.85630   18.716  0.060200
 7488.89171   18.704  0.059900
 7488.91130   18.773  0.068000
 7491.70371   18.708  0.062000
 7491.72147   18.722  0.066400
 7491.74247   18.740  0.062900
 7491.77065   18.655  0.056600
 7491.78979   18.740  0.054800
 7491.80940   18.767  0.057600
 7491.82660   18.753  0.053100
 7491.84472   18.714  0.052100
 7491.89090   18.686  0.055400
 7491.90940   18.777  0.057800
 7494.70327   18.734  0.064800
 7494.72083   18.724  0.058400
 7494.73837   18.775  0.076400
 7494.77116   18.666  0.049100
 7494.79553   18.732  0.052600
 7494.81630   18.769  0.065800
 7494.83404   18.750  0.061200
 7494.85469   18.708  0.056000
 7494.87456   18.757  0.057300
 7494.90589   18.682  0.051400
 7494.92434   18.684  0.055400
 7495.68490   18.616  0.072900
 7495.72365   18.698  0.065700
 7495.74299   18.732  0.062700
 7495.76087   18.728  0.058500
 7495.78930   18.716  0.058200
 7495.81039   18.668  0.051100
 7495.82824   18.718  0.052200
 7495.84865   18.678  0.084800
 7495.86820   18.674  0.051200
 7495.89876   18.718  0.058300
 7495.91727   18.746  0.057000
 7497.82534   18.665  0.066700
 7497.84663   18.716  0.070300
 7497.86506   18.775  0.070200
 7497.88397   18.670  0.068800
 7497.91186   18.690  0.057500
 7498.68710   18.622  0.080800
 7498.70753   18.696  0.079600
 7498.72808   18.775  0.070200
 7498.74826   18.790  0.076900
 7498.76568   18.722  0.076500
 7498.79980   18.746  0.067200
 7498.81752   18.726  0.066500
 7498.83809   18.817  0.077900
 7498.86055   18.761  0.079900
 7498.88588   18.792  0.074900
 7498.92003   18.748  0.087600
 7499.68857   18.672  0.063000
 7499.69431   18.678  0.059200
 7499.71396   18.781  0.068300
 7499.73135   18.704  0.057900
 7499.75448   18.702  0.051900
 7499.77239   18.692  0.055600
 7499.80118   18.597  0.049500
 7499.81820   18.708  0.052000
 7499.83614   18.704  0.057900
 7499.85476   18.753  0.061200
 7499.87598   18.840  0.078800
 7499.91119   18.682  0.051400
 7500.68071   18.653  0.072200
 7500.69852   18.700  0.067700
 7500.71570   18.694  0.091400
 7500.73640   18.790  0.066500
 7500.75449   18.746  0.065100
 7500.82674   18.651  0.052600
 7500.84518   18.659  0.054800
 7500.86510   18.692  0.059600
 7500.88348   18.726  0.076600
 7500.90587   18.738  0.079100
 7504.73118   18.524  0.110600
 7504.75371   18.599  0.100900
 7504.77089   18.748  0.108000
 7504.79321   18.714  0.094300
 7504.79617   18.790  0.099700
 7504.82515   18.790  0.099700
 7504.84306   18.690  0.075400
 7504.86348   18.765  0.098600
 7504.88175   18.576  0.096200
 7504.89960   18.785  0.116100
 7504.92802   18.552  0.089600
 7505.67112   18.783  0.095300
 7505.69029   18.580  0.119000
 7505.70722   18.666  0.072600
 7505.72494   18.657  0.072300
 7505.74238   18.726  0.074600
 7505.75939   18.708  0.080000
 7505.79171   18.666  0.102000
 7505.81187   18.748  0.150800
 7505.82927   18.742  0.105700
 7505.84899   18.748  0.146700
 7508.67934   18.692  0.059600
 7508.69695   18.763  0.059500
 7508.71452   18.821  0.063300
 7508.73184   18.674  0.057100
 7508.73465   18.710  0.056000
 7508.75214   18.779  0.062000
 7508.77969   18.702  0.053800
 7508.79821   18.769  0.057600
 7508.81586   18.740  0.056800
 7508.84267   18.666  0.054900
 7508.86100   18.734  0.058700
 7508.88750   18.690  0.049600
 7508.90513   18.750  0.059200
 7508.92241   18.781  0.066200
 7509.65624   18.849  0.072700
 7509.67696   18.806  0.067000
 7509.70750   18.720  0.056300
 7509.73571   18.718  0.054200
 7509.75763   18.757  0.057300
 7509.77741   18.759  0.067600
 7509.79502   18.763  0.069800
 7509.81545   18.710  0.060100
 7509.86650   18.896  0.118200
 7511.71920   18.798  0.093900
 7511.73610   18.734  0.050600
 7511.75334   18.702  0.047900
 7511.78190   18.773  0.057700
 7511.79982   18.659  0.046900
 7511.82019   18.680  0.045400
 7511.83940   18.663  0.047000
 7511.85724   18.702  0.047900
 7511.87886   18.663  0.049000
 7511.91140   18.748  0.126300
 7511.92926   18.885  0.093600
 7512.64775   18.670  0.116000
 7512.66495   18.680  0.073100
 7512.70318   18.885  0.132800
 7512.73274   18.702  0.077800
 7512.75453   18.794  0.062500
 7512.75774   18.696  0.053700
 7512.76065   18.682  0.049400
 7512.77868   18.781  0.068300
 7512.79613   18.714  0.082200
 7512.79907   18.649  0.087600
 7512.81631   18.618  0.067200
 7512.84864   18.730  0.082800
 7512.86871   18.842  0.159900
 7512.88662   18.732  0.099100
 7512.90363   18.827  0.082500
 7512.92216   18.712  0.066100
 7514.63895   18.680  0.077000
 7514.71466   18.622  0.098100
 7514.73319   18.630  0.133200
 7514.89941   18.680  0.075000
 7514.91708   18.710  0.114100
 7515.83421   18.720  0.309700
 7516.64291   18.696  0.063600
 7516.67721   18.732  0.056600
 7516.69457   18.794  0.072900
 7517.68473   18.672  0.161300
 7517.73261   18.783  0.078700
 7517.75246   18.761  0.071700
 7517.76933   18.678  0.112400
 7520.70963   18.698  0.115500
 7520.72617   18.702  0.093700
 7520.74385   18.759  0.116700
 7520.76825   18.730  0.080800
 7520.79055   18.965  0.163200
 7520.82235   18.702  0.107700
 7520.83286   18.896  0.332700
 7520.83680   18.718  0.092400
 7520.85736   18.753  0.075500
 7520.88092   18.821  0.080200
 7520.89891   18.790  0.120500
 7520.91714   18.898  0.149000
 7522.62558   18.720  0.162900
 7522.64500   18.665  0.125500
 7522.66409   18.796  0.160500
 7522.68178   18.742  0.123900
 7522.68464   18.548  0.070800
 7522.70244   18.734  0.093100
 7522.73181   18.716  0.054200
 7522.75536   18.790  0.064400
 7522.77261   18.680  0.057300
 7522.79016   18.682  0.061300
 7522.80986   18.724  0.060400
 7522.84358   18.672  0.049200
 7523.63003   18.738  0.085200
 7523.64748   18.666  0.074600
 7523.66491   18.838  0.080800
 7523.70348   18.690  0.069400
 7523.73222   18.716  0.060200
 7523.74976   18.769  0.061700
 7523.76728   18.800  0.068900
 7523.78837   18.678  0.063100
 7523.81023   18.785  0.066400
 7523.84211   18.716  0.068200
 7523.85977   18.710  0.066100
 7523.88425   18.736  0.062800
 7523.90173   18.771  0.070000
 7523.91906   18.806  0.075400
 7524.89065   18.639  0.079500
 7524.91484   18.720  0.082500
 7524.92170   18.929  0.293800
 7526.60366   18.728  0.090800
 7526.62446   18.726  0.086700
 7526.64168   18.484  0.105200
 7526.66029   18.708  0.080000
 7526.69086   18.690  0.101200
 7526.71132   18.641  0.151300
 7526.72938   18.802  0.083600
 7526.74777   18.674  0.096500
 7526.82427   18.616  0.153500
 7526.84277   18.883  0.106600
 7526.87398   18.702  0.097700
 7526.87697   18.601  0.068600
 7526.88298   18.825  0.122600
 7526.90138   18.504  0.109700
 7528.85649   18.657  0.072300
 7528.89838   18.714  0.088200
 7528.91765   18.724  0.072500
 7528.93603   18.692  0.065500
 7529.61179   18.578  0.103800
 7529.62922   18.578  0.100000
 7529.66251   18.706  0.091900
 7529.68256   18.698  0.095600
 7529.69981   18.626  0.088600
 7529.72209   18.554  0.104600
 7529.74125   18.834  0.106100
 7529.75870   18.630  0.084900
 7530.62204   18.622  0.100000
 7530.63922   18.704  0.099800
 7530.65683   18.647  0.085600
 7530.67472   18.815  0.098800
 7530.69203   18.680  0.084900
 7530.72261   18.698  0.083600
 7530.73984   18.670  0.072700
 7530.75885   18.726  0.082700
 7530.78281   18.767  0.094600
 7530.80092   18.641  0.089200
 7530.82966   18.765  0.102700
 7530.85195   18.757  0.098200
 7530.86970   18.728  0.105000
 7530.88728   18.710  0.104100
 7530.90464   18.724  0.106800
 7530.93276   18.657  0.113300
 7533.75526   18.561  0.196700
 7533.77593   18.569  0.375900
 7534.60343   18.832  0.199300
 7534.62081   18.738  0.182500
 7534.63839   18.806  0.085900
 7534.66786   18.757  0.065500
 7534.68516   18.706  0.057900
 7534.70374   18.670  0.070800
 7534.72233   18.730  0.062600
 7534.73967   18.649  0.056500
 7534.77452   18.759  0.061400
 7534.79528   18.765  0.067800
 7534.81686   18.670  0.055000
 7534.83446   18.710  0.060100
 7534.85275   18.712  0.062100
 7534.88162   18.728  0.072700
 7534.90046   18.832  0.082700
 7534.91818   18.708  0.072000
 7534.93573   18.798  0.083400
 7536.57683   18.802  0.073200
 7536.59469   18.773  0.088600
 7536.62893   18.580  0.064200
 7536.66989   18.682  0.051400
 7536.69115   18.665  0.051000
 7536.71055   18.628  0.071400
 7536.72950   18.890  0.082900
 7536.73415   18.682  0.053400
 7536.75152   18.655  0.072200
 7536.77947   18.781  0.060000
 7536.79767   18.665  0.052900
 7536.81508   18.730  0.052500
 7536.83227   18.712  0.054100
 7536.84965   18.750  0.059200
 7536.87814   18.817  0.073700
 7536.89685   18.704  0.071900
 7536.91471   18.771  0.065900
 7545.76958   18.746  0.065100
 7545.77293   18.692  0.063500
 7545.89450   18.544  0.067000
 7546.78473   18.661  0.045000
 7546.80112   18.626  0.044300
 7546.81974   18.645  0.046600
 7546.84625   18.684  0.057400
 7546.86811   18.688  0.057500
 7546.89697   18.861  0.079600
 7546.91836   18.785  0.080900
 7547.55788   18.761  0.067600
 7547.58178   18.720  0.064400
 7547.59985   18.694  0.061600
 7547.61768   18.736  0.058800
 7547.63993   18.726  0.056500
 7547.66849   18.716  0.052200
 7547.68607   18.732  0.054600
 7547.70357   18.728  0.062600
 7547.72400   18.696  0.057700
 7547.74712   18.759  0.059400
 7547.77563   18.702  0.061800
 7547.79432   18.582  0.064300
 7547.81230   18.724  0.060400
 7547.82956   18.704  0.063900
 7547.84694   18.742  0.058900
 7547.87674   18.720  0.060300
 7547.89361   18.718  0.060300
 7547.91084   18.706  0.061900
 7548.61744   18.666  0.051000
 7548.63581   18.624  0.050100
 7548.65371   18.655  0.044900
 7548.68463   18.668  0.047100
 7548.71055   18.661  0.047000
 7548.72838   18.649  0.048700
 7548.74787   18.657  0.048800
 7548.76817   18.771  0.061800
 7548.78700   18.759  0.059400
 7548.81567   18.750  0.055100
 7548.83359   18.706  0.057900
 7548.85076   18.718  0.086400
 7548.87044   18.657  0.136800
 7548.89369   18.589  0.066400
 7549.68416   18.726  0.056500
 7549.70266   18.680  0.045400
 7549.72359   18.665  0.047100
 7549.74207   18.753  0.063300
 7549.75954   18.674  0.053200
 7549.78879   18.706  0.071900
 7549.79173   18.775  0.074300
 7549.80733   18.716  0.054200
 7549.82485   18.736  0.052700
 7549.84231   18.738  0.058800
 7549.84511   18.724  0.058400
 7549.86166   18.716  0.054200
 7549.88144   18.712  0.062100
 7549.91093   18.798  0.075100
 7550.57457   18.706  0.075900
 7550.59314   18.670  0.070800
 7550.61072   18.529  0.062800
 7550.62800   18.639  0.067800
 7550.65652   18.626  0.063600
 7550.67394   18.680  0.059200
 7550.69184   18.610  0.068900
 7550.77758   18.732  0.082900
 7550.79991   18.738  0.071000
 7550.82837   18.775  0.076400
 7550.84610   18.753  0.075500
 7550.86363   18.732  0.070800
 7550.88282   18.633  0.073500
 7550.90154   18.748  0.081500
 7551.65774   18.663  0.056800
 7551.68829   18.597  0.072300
 7551.70711   18.790  0.072700
 7551.72936   18.684  0.049500
 7551.74674   18.798  0.135600
 7551.78205   18.708  0.064000
 7554.55966   18.678  0.096700
 7554.57881   18.582  0.060500
 7554.59820   18.666  0.066700
 7554.59973   18.580  0.060400
 7554.61723   18.661  0.056800
 7554.63486   18.637  0.062000
 7554.66431   18.633  0.058000
 7554.79288   18.665  0.078400
 7554.80993   18.686  0.063400
 7554.83014   18.700  0.071700
 7554.85993   18.785  0.101600
 7555.54676   18.616  0.063300
 7555.57141   18.630  0.061800
 7555.59104   18.635  0.060000
 7555.61078   18.603  0.059100
 7555.64176   18.716  0.056200
 7555.65927   18.595  0.062700
 7555.66150   18.653  0.056600
 7555.68279   18.684  0.067300
 7555.70171   18.688  0.059500
 7555.72214   18.631  0.052200
 7555.74024   18.702  0.059800
 7555.76812   18.676  0.057200
 7555.78887   18.690  0.055500
 7555.81412   18.633  0.056100
 7555.83161   18.718  0.062300
 7555.84956   18.690  0.059500
 7555.88581   18.635  0.060000
 7556.69144   18.494  0.169400
 7556.71364   18.605  0.181300
 7556.73148   18.618  0.099900
 7557.53581   18.563  0.071200
 7557.55483   18.614  0.065200
 7557.58438   18.555  0.054200
 7557.60189   18.608  0.057400
 7557.61917   18.608  0.061200
 7557.63700   18.616  0.053700
 7557.65424   18.533  0.051800
 7557.68416   18.639  0.056200
 7557.70435   18.554  0.052300
 7557.72360   18.567  0.063800
 7557.74182   18.589  0.060700
 7557.75897   18.591  0.062600
 7557.77693   18.569  0.063900
 7557.80719   18.643  0.069900
 7557.82463   18.578  0.066000
 7557.84267   18.595  0.070300
 7557.86339   18.622  0.073100
 7557.88231   18.690  0.083300
 7558.52809   18.548  0.082000
 7558.57671   18.555  0.114000
 7558.59471   18.601  0.133400
 7558.63080   18.597  0.169300
 7558.65996   18.668  0.092300
 7558.67739   18.584  0.066200
 7558.69694   18.504  0.053000
 7558.71638   18.641  0.139700
 7558.73447   18.606  0.099300
 7558.76284   18.498  0.093000
 7558.80864   18.546  0.288500
 7558.82691   18.550  0.139800
 7558.84461   18.552  0.091400
 7558.86582   18.522  0.164000
 7558.88196   18.570  0.208800
 7559.58507   18.561  0.106800
 7559.60397   18.554  0.095200
 7559.62176   18.539  0.111300
 7559.63931   18.467  0.079200
 7559.65940   18.655  0.107400
 7559.70661   18.541  0.096600
 7559.72439   18.614  0.101600
 7559.74235   18.599  0.099000
 7559.76056   18.520  0.121500
 7559.77789   18.485  0.098000
 7559.80940   18.487  0.121700
 7559.82903   18.480  0.117700
 7559.84689   18.567  0.142700
 7559.88259   18.585  0.168500
 7560.52291   18.467  0.102700
 7560.54061   18.524  0.106900
 7560.55799   18.507  0.093400
 7560.58826   18.546  0.098600
 7560.60559   18.507  0.078700
 7560.62372   18.433  0.083500
 7560.64842   18.473  0.079400
 7560.66550   18.419  0.076000
 7560.69513   18.500  0.082100
 7560.71306   18.513  0.080800
 7560.73345   18.563  0.082500
 7560.75137   18.494  0.078300
 7560.76873   18.529  0.077600
 7560.79622   18.460  0.082600
 7560.81334   18.522  0.082900
 7560.83077   18.437  0.085400
 7560.85098   18.531  0.088800
 7561.53327   18.430  0.074500
 7561.56266   18.453  0.060900
 7561.58035   18.493  0.127400
 7561.59913   18.363  0.086400
 7561.60188   18.382  0.090500
 7561.62037   18.559  0.144100
 7561.65774   18.515  0.180000
 7561.68647   18.491  0.061800
 7561.70760   18.458  0.053800
 7561.72605   18.412  0.051100
 7561.74326   18.396  0.049000
 7561.76062   18.442  0.055300
 7561.77830   18.554  0.067200
 7561.80962   18.494  0.142100
 7561.82847   18.548  0.247800
 7561.84975   18.423  0.079600
 7561.86705   18.432  0.078100
 7561.88126   18.363  0.095000
 7562.51310   18.363  0.057000
 7562.53056   18.424  0.074300
 7562.56179   18.444  0.071400
 7562.58215   18.444  0.078500
 7562.60269   18.379  0.119900
 7562.64174   18.496  0.158600
 7562.67569   18.297  0.133100
 7562.69890   18.460  0.147300
 7562.71751   18.395  0.111900
 7562.73449   18.412  0.276500
 7566.56237   17.735  0.031000
 7566.58346   17.675  0.027700
 7566.60080   17.773  0.032700
 7566.62142   17.685  0.029200
 7566.64118   17.707  0.026600
 7566.67385   17.688  0.023600
 7566.69399   17.667  0.030400
 7566.71126   17.697  0.043200
 7566.73441   17.682  0.031900
 7566.75172   17.654  0.024800
 7566.76948   17.664  0.027600
 7566.80195   17.624  0.024600
 7566.82004   17.638  0.028800
 7566.83735   17.613  0.031400
 7566.85481   17.634  0.030200
 7568.53726   16.447  0.011200
 7568.55423   16.453  0.016900
 7568.58268   16.427  0.011200
 7568.59982   16.407  0.021300
 7568.62012   16.412  0.013400
 7568.63771   16.417  0.014600
 7568.65505   16.390  0.010100
 7568.68682   16.367  0.010000
 7568.70663   16.383  0.012300
 7568.72448   16.391  0.011200
 7568.76039   16.356  0.011100
 7568.78189   16.363  0.010000
 7569.51912   16.956  0.016800
 7569.54084   16.934  0.015500
 7569.55931   16.971  0.016800
 7569.59836   16.983  0.031300
 7569.61658   16.952  0.038300
 7569.63594   16.986  0.021700
 7569.65357   17.014  0.033900
 7569.67233   17.037  0.017000
 7569.70141   17.058  0.018300
 7569.71932   17.089  0.017200
 7569.73727   17.021  0.033900
 7569.75509   17.109  0.020900
 7569.77334   17.083  0.018400
 7569.79125   17.120  0.020900
 7569.82027   17.198  0.023700
 7569.85911   17.218  0.043900
 7570.70015   17.627  0.047900
 7570.71729   17.572  0.044600
 7570.74555   17.634  0.085000
 7570.80263   17.685  0.029200
 7570.83604   17.671  0.027700
 7575.50113   18.317  0.059400
 7575.54645   18.374  0.050300
 7575.58152   18.370  0.046800
 7575.59921   18.391  0.048900
 7575.61679   18.451  0.050100
 7575.64324   18.469  0.046900
 7575.68379   18.423  0.042500
 7575.70940   18.381  0.034800
 7575.72873   18.433  0.039100
 7575.75153   18.455  0.048400
 7575.75292   18.421  0.040700
 7575.77094   18.400  0.040300
 7575.79964   18.457  0.044800
 7575.81967   18.462  0.050300
 7575.83948   18.446  0.050000
 7576.47363   18.400  0.064900
 7576.49241   18.439  0.060500
 7576.51023   18.400  0.056100
 7576.53977   18.405  0.056200
 7576.55938   18.498  0.049300
 7576.57725   18.502  0.049300
 7576.64898   18.467  0.043200
 7576.66922   18.464  0.046800
 7576.69754   18.504  0.051200
 7576.70059   18.531  0.048100
 7576.71735   18.563  0.052500
 7576.73490   18.500  0.049300
 7576.75299   18.493  0.047300
 7576.77069   18.485  0.045400
 7576.78774   18.482  0.048900
 7576.81664   18.478  0.056100
 7584.51014   18.724  0.088600
 7584.52756   18.582  0.077500
 7584.54546   18.576  0.069800
 7584.56298   18.603  0.074400
 7584.58060   18.601  0.066700
 7584.61017   18.576  0.069800
 7584.63189   18.633  0.061900
 7584.65110   18.674  0.067000
 7584.66865   18.608  0.059300
 7584.68638   18.726  0.070600
 7584.72092   18.674  0.070900
 7584.74130   18.680  0.071100
 7584.75901   18.716  0.072300
 7584.77883   18.639  0.075600
 7584.79666   18.655  0.087800
 7584.82150   18.645  0.075800
 7585.49760   18.714  0.078200
 7585.51537   18.651  0.081800
 7585.53380   18.674  0.068900
 7585.55146   18.706  0.075900
 7585.57057   18.710  0.064100
 7585.58777   18.643  0.069900
 7585.61788   18.714  0.074200
 7585.64243   18.740  0.079200
 7585.66107   18.659  0.076300
 7585.67884   18.761  0.090200
 7585.69796   18.775  0.080500
 7585.75180   18.574  0.120600
 7585.78633   18.740  0.129900
 7585.80336   18.659  0.088000
 7586.72357   18.672  0.098400
 7586.75244   18.714  0.082200
 7586.76970   18.716  0.116400
 7586.78939   18.620  0.096100
 7586.81194   18.666  0.119700
 7587.55736   18.742  0.109700
 7587.57495   18.645  0.099100
 7587.68943   18.763  0.119000
 7587.70713   18.633  0.098600
 7587.72494   18.700  0.346700
 7589.66269   18.821  0.147700
 7589.74857   18.872  0.101700
 7589.76618   18.698  0.093600
 7589.79107   18.773  0.101000
 7590.49058   18.704  0.069900
 7590.50816   18.753  0.083700
 7590.54942   18.744  0.067100
 7590.56712   18.775  0.086700
 7590.58479   18.714  0.076200
 7590.60290   18.750  0.075500
 7590.62457   18.802  0.079400
 7590.65349   18.748  0.073400
 7590.67099   18.804  0.071100
 7590.68842   18.813  0.086100
 7590.72400   18.769  0.111100
 7590.74625   18.785  0.087100
 7590.77625   18.817  0.170500
 7590.78983   18.694  0.141100
 7591.49842   18.724  0.056400
 7591.51586   18.668  0.055000
 7591.53488   18.720  0.056300
 7591.55230   18.678  0.055200
 7591.57002   18.748  0.063200
 7591.59928   18.734  0.062800
 7591.61768   18.730  0.062600
 7591.64494   18.757  0.069500
 7591.66246   18.813  0.077700
 7591.68001   18.773  0.070100
 7591.72796   18.736  0.087100
 7591.74576   18.821  0.107600
 7591.76327   18.853  0.154300
 7593.49988   18.753  0.055100
 7593.52858   18.730  0.052500
 7593.54609   18.633  0.050300
 7593.56461   18.630  0.079100
 7593.60141   18.690  0.103100
 7593.65018   18.704  0.075900
 7593.66764   18.641  0.081500
 7593.68524   18.718  0.048200
 7595.51280   18.541  0.066800
 7595.56038   18.576  0.071600
 7595.57913   18.724  0.072500
 7595.60135   18.574  0.069700
 7595.62231   18.643  0.062100
 7595.64140   18.798  0.081400
 7595.68823   18.740  0.069000
 7595.70590   18.788  0.068500
 7595.72449   18.704  0.071900
 7595.77341   18.599  0.078100
 7596.50788   18.779  0.082700
 7596.52582   18.599  0.080000
 7596.54320   18.631  0.079200
 7596.56121   18.620  0.101900
 7596.58083   18.678  0.104600
 7597.47700   18.635  0.085100
 7597.51443   18.720  0.066400
 7597.53203   18.724  0.072500
 7597.54964   18.742  0.063000
 7597.56784   18.722  0.058400
 7597.58570   18.742  0.079200
 7597.61598   18.716  0.068200
 7597.63312   18.736  0.070900
 7597.65084   18.668  0.062800
 7597.67130   18.708  0.054000
 7597.69019   18.813  0.075600
 7597.71891   18.750  0.077500
 7597.73699   18.732  0.066700
 7597.75610   18.718  0.068300
 7597.77480   18.849  0.081200
 7598.48691   18.716  0.074300
 7598.50624   18.606  0.070700
 7598.52370   18.718  0.068300
 7598.55352   18.692  0.089300
 7598.57277   18.740  0.052800
 7598.59364   18.714  0.070200
 7598.61224   18.682  0.055300
 7598.62972   18.696  0.077600
 7598.65004   18.663  0.133200
 7598.69849   18.692  0.073500
 7598.71680   18.728  0.072700
 7599.50878   18.767  0.055500
 7599.52797   18.742  0.050800
 7599.54532   18.624  0.048100
 7599.56246   18.708  0.044000
 7599.61396   18.647  0.040800
 7599.63296   18.700  0.045800
 7599.65090   18.672  0.043300
 7599.66837   18.736  0.050700
 7599.68933   18.688  0.051500
 7599.71956   18.829  0.063500
 7599.73858   18.785  0.062200
 7599.75952   18.728  0.056500
 7599.77683   18.706  0.063900
 7600.49457   18.698  0.047800
 7600.51379   18.647  0.042800
 7600.53157   18.666  0.041200
 7600.55102   18.706  0.048000
 7600.58139   18.665  0.045100
 7600.60395   18.661  0.045000
 7600.62748   18.720  0.054300
 7600.64624   18.761  0.067600
 7600.66517   18.792  0.083200
 7600.71080   18.771  0.092700
 7600.73418   18.819  0.082200
 7601.49748   18.775  0.074300
 7601.51516   18.670  0.060900
 7601.56165   18.746  0.052900
 7601.58882   18.755  0.067400
 7601.60657   18.710  0.052000
 7601.62403   18.742  0.071100
 7601.64322   18.851  0.070600
 7601.66062   18.773  0.094800
 7601.68949   18.767  0.055500
 7601.70727   18.724  0.056400
 7601.72485   18.838  0.102100
 7601.74245   18.769  0.076100
 7601.75411   18.724  0.074500
 7602.48532   18.769  0.070000
 7602.50305   18.738  0.069000
 7602.53157   18.811  0.063000
 7602.54937   18.649  0.048700
 7602.56697   18.686  0.049500
 7602.58646   18.753  0.065300
 7602.60769   18.726  0.056500
 7602.63707   18.742  0.054900
 7602.65480   18.736  0.054700
 7602.68106   18.744  0.056900
 7602.70047   18.746  0.059000
 7602.71684   18.753  0.063300
 7602.75334   18.759  0.065500
 7603.48631   18.708  0.070000
 7603.48777   18.792  0.068600
 7603.50529   18.712  0.052100
 7603.52311   18.730  0.046500
 7603.54081   18.736  0.046600
 7603.55863   18.672  0.045300
 7603.57618   18.704  0.049900
 7603.60615   18.755  0.053100
 7603.62379   18.714  0.050100
 7603.64148   18.742  0.050800
 7603.65901   18.676  0.045300
 7603.67833   18.704  0.049900
 7603.70651   18.712  0.054100
 7603.72411   18.759  0.059400
 7603.75147   18.859  0.064500
 7605.49624   18.712  0.052100
 7605.51374   18.649  0.044800
 7605.53123   18.666  0.045100
 7605.54853   18.680  0.043400
 7605.56909   18.690  0.045600
 7605.59849   18.663  0.049000
 7605.61723   18.678  0.057200
 7605.63518   18.704  0.051900
 7605.65284   18.742  0.054900
 7605.67089   18.730  0.052500
 7605.69932   18.730  0.060600
 7605.71687   18.811  0.065100
 7605.73441   18.802  0.069000
 7605.74611   18.744  0.067100
 7606.46982   18.790  0.083100
 7606.48748   18.728  0.056500
 7606.50512   18.712  0.054100
 7606.53524   18.696  0.053700
 7606.55287   18.728  0.056500
 7606.57229   18.706  0.048000
 7606.59142   18.686  0.045500
 7606.59929   18.653  0.048800
 7606.62054   18.702  0.063800
 7606.63800   18.750  0.065300
 7606.66756   18.773  0.063900
 7606.68490   18.639  0.062000
 7606.70260   18.714  0.062200
 7606.71996   18.790  0.072700
 7606.73783   18.704  0.059900
 7606.75799   18.736  0.075000
 7607.49811   18.718  0.048200
 7607.51740   18.694  0.051700
 7607.53499   18.700  0.051800
 7607.55321   18.680  0.047400
 7607.56284   18.755  0.051100
 7607.58011   18.759  0.055300
 7607.60963   18.688  0.049500
 7607.62762   18.666  0.047100
 7607.64564   18.736  0.056700
 7607.66410   18.796  0.060400
 7607.68187   18.864  0.068900
 7607.71042   18.708  0.062000
 7607.72806   18.777  0.064000
 7607.73845   18.792  0.066600
 7608.46950   18.755  0.077700
 7608.48703   18.779  0.057900
 7608.50714   18.726  0.052400
 7608.52441   18.757  0.057300
 7608.54429   18.696  0.051700
 7608.57716   18.775  0.057800
 7608.59803   18.736  0.060800
 7608.61706   18.750  0.057100
 7608.63563   18.811  0.063000
 7608.65349   18.817  0.061000
 7608.69675   18.761  0.061500
 7608.71530   18.838  0.065900
 7608.73362   18.821  0.067500
 7608.75334   18.738  0.066900
 7609.46981   18.700  0.069700
 7609.48883   18.720  0.056300
 7609.50636   18.700  0.049800
 7609.54447   18.702  0.049900
 7609.56330   18.720  0.048300
 7609.58828   18.712  0.052100
 7609.60610   18.692  0.051600
 7609.62868   18.720  0.052300
 7609.64725   18.753  0.055100
 7609.67796   18.800  0.060600
 7609.69561   18.712  0.058100
 7609.71662   18.872  0.064900
 7609.74425   18.798  0.064700
 7610.47429   18.761  0.063500
 7610.49368   18.694  0.063600
 7610.52204   18.698  0.049800
 7610.53945   18.740  0.054800
 7610.55914   18.750  0.057100
 7610.58691   18.808  0.065000
 7610.61012   18.708  0.058000
 7610.64179   18.788  0.066400
 7610.65973   18.748  0.061100
 7610.67747   18.827  0.071900
 7610.69502   18.761  0.065600
 7610.71305   18.724  0.060400
 7610.73711   18.792  0.072800
 7611.48939   18.753  0.083700
 7611.58371   18.676  0.086700
 7611.60306   18.655  0.091700
 7611.62142   18.726  0.058500
 7611.63947   18.732  0.060700
 7611.65756   18.771  0.065900
 7611.68933   18.834  0.076400
 7611.70980   18.661  0.070500
 7611.73627   18.700  0.063800
 7612.47350   18.732  0.070800
 7612.49076   18.724  0.084600
 7612.53732   18.736  0.062800
 7612.55534   18.716  0.058200
 7612.57565   18.742  0.069100
 7612.59448   18.775  0.070200
 7612.61362   18.694  0.067600
 7612.64286   18.777  0.070200
 7612.66064   18.740  0.069000
 7612.69608   18.757  0.071600
 7612.71410   18.647  0.068100
 7612.73294   18.802  0.077300
 7613.46438   18.736  0.117500
 7613.49279   18.761  0.071700
 7613.51160   18.686  0.065300
 7613.53453   18.742  0.069100
 7613.55381   18.672  0.064900
 7613.57271   18.728  0.074700
 7613.59137   18.790  0.083100
 7613.62121   18.682  0.067200
 7613.63856   18.641  0.079500
 7613.65655   18.708  0.092000
 7613.67414   18.728  0.084800
 7613.69222   18.755  0.089900
 7613.72065   18.861  0.099000
 7613.73799   18.750  0.099900
 7614.46741   18.781  0.115900
 7614.48522   18.738  0.093300
 7614.50434   18.775  0.086700
 7614.52234   18.722  0.090600
 7614.54144   18.663  0.197800
 7614.57588   18.730  0.092900
 7614.59879   18.849  0.269400
 7614.63077   18.763  0.096400
 7614.65028   18.728  0.098900
 7614.66923   18.726  0.106900
 7614.69811   18.757  0.114600
 7614.71625   18.817  0.122100
 7614.72865   18.657  0.109400
 7615.48794   18.757  0.094100
 7615.50588   18.742  0.095500
 7615.52508   18.698  0.087600
 7615.54266   18.796  0.154200
 7615.60832   18.698  0.242900
 7615.62583   18.781  0.122100
 7615.64381   18.700  0.097600
 7615.67755   18.718  0.108500
 7615.71448   18.744  0.124100
 7616.48499   18.740  0.081200
 7616.50240   18.740  0.083200
 7616.52458   18.838  0.091500
 7616.55394   18.769  0.080200
 7616.57136   18.781  0.066200
 7616.58899   18.710  0.064100
 7616.59931   18.692  0.061500
 7616.61759   18.767  0.063700
 7616.63504   18.757  0.067500
 7616.66515   18.740  0.069000
 7616.68331   18.716  0.070300
 7616.70094   18.696  0.081500
 7616.71278   18.773  0.080400
 7617.47847   18.755  0.073600
 7617.51367   18.624  0.084700
 7617.55996   18.665  0.056900
 7617.57790   18.674  0.053200
 7617.59583   18.639  0.054300
 7617.61486   18.722  0.060400
 7617.63259   18.736  0.058800
 7617.67675   18.722  0.068400
 7617.69441   18.773  0.076300
 7617.71188   18.661  0.072400
 7618.47420   18.759  0.073700
 7618.49198   18.714  0.058200
 7618.50951   18.698  0.053700
 7618.52753   18.708  0.056000
 7618.55775   18.692  0.061500
 7618.57587   18.738  0.058800
 7618.59343   18.655  0.054700
 7618.61102   18.724  0.060400
 7618.62866   18.720  0.062300
 7618.64721   18.781  0.078600
 7618.67567   18.755  0.067400
 7618.69335   18.676  0.072900
 7618.70671   18.755  0.077700
 7619.48402   18.686  0.061400
 7619.50212   18.722  0.062400
 7619.52392   18.706  0.073900
 7619.55457   18.684  0.075200
 7619.59090   18.633  0.085100
 7619.62668   18.742  0.083300
 7619.65719   18.645  0.070000
 7619.67490   18.740  0.077100
 7619.69305   18.678  0.078900
 7619.70347   18.738  0.095300
 7620.48345   18.716  0.078300
 7620.54935   18.688  0.075300
 7620.56719   18.641  0.069800
 7620.58599   18.802  0.087800
 7620.60380   18.651  0.072100
 7620.62212   18.706  0.071900
 7620.65560   18.740  0.081200
 7621.46640   18.811  0.155300
 7621.48452   18.732  0.060700
 7621.50213   18.773  0.068000
 7621.53161   18.775  0.076400
 7621.55096   18.630  0.054000
 7621.56926   18.829  0.091100
 7621.58780   18.730  0.072700
 7621.63708   18.815  0.073600
 7621.65527   18.757  0.077700
 7621.67486   18.853  0.085700
 7621.69825   18.682  0.077100
 7622.48083   18.753  0.055100
 7622.49928   18.708  0.050000
 7622.53374   18.639  0.058200
 7622.55359   18.775  0.059800
 7622.57143   18.815  0.071500
 7622.58908   18.773  0.072200
 7622.60690   18.763  0.075900
 7622.62439   18.829  0.080500
 7622.65291   18.736  0.075000
 7622.67193   18.674  0.070900
 7622.69383   18.624  0.069300
 7623.47554   18.761  0.067600
 7623.49330   18.740  0.056800
 7623.51463   18.755  0.061300
 7623.54515   18.748  0.067200
 7623.56306   18.674  0.059100
 7623.58074   18.702  0.057800
 7623.59940   18.746  0.057000
 7623.61723   18.788  0.060200
 7623.64610   18.661  0.064600
 7623.66391   18.668  0.066800
 7623.68163   18.665  0.066700
 7623.69326   18.637  0.067800
 7624.49437   18.753  0.071500
 7624.51300   18.753  0.067400
 7624.54705   18.771  0.074100
 7624.56698   18.794  0.066600
 7624.58483   18.720  0.064400
 7624.60296   18.696  0.057700
 7624.62058   18.746  0.061100
 7624.63895   18.718  0.066300
 7624.67022   18.663  0.060700
 7624.69168   18.704  0.069900
 7625.47345   18.682  0.073100
 7625.49384   18.686  0.051500
 7625.51385   18.738  0.058800
 7625.53578   18.750  0.065300
 7625.56563   18.748  0.073400
 7625.58416   18.676  0.063100
 7625.60189   18.651  0.068200
 7625.62029   18.773  0.061800
 7625.63853   18.750  0.063200
 7625.66724   18.832  0.067900
 7625.68803   18.794  0.068700
 7626.47484   18.716  0.068200
 7626.49251   18.714  0.050100
 7626.51115   18.682  0.049400
 7626.52938   18.688  0.051500
 7626.55838   18.700  0.047800
 7626.57656   18.690  0.049600
 7626.59771   18.728  0.052500
 7626.62382   18.757  0.059300
 7626.64171   18.771  0.059700
 7626.65974   18.757  0.057300
 7626.68393   18.783  0.062200
 7629.47997   18.614  0.076700
 7629.49835   18.684  0.075200
 7629.51955   18.696  0.073600
 7629.53722   18.641  0.069800
 7629.55789   18.637  0.063900
 7629.60827   18.738  0.069000
 7629.62642   18.746  0.069200
 7629.64440   18.680  0.061200
 7629.66565   18.606  0.061100
 7629.68435   18.785  0.068400
 7630.47093   18.794  0.099900
 7630.48865   18.796  0.058400
 7630.51847   18.698  0.051800
 7630.53645   18.647  0.044700
 7630.55665   18.708  0.046000
 7630.57967   18.672  0.043300
 7630.59830   18.637  0.046500
 7630.61695   18.769  0.059700
 7630.64669   18.744  0.052900
 7630.66586   18.738  0.050700
 7630.68114   18.730  0.052500
 7631.47814   18.746  0.061100
 7631.49601   18.655  0.048800
 7631.51847   18.714  0.054100
 7631.53733   18.684  0.047500
 7631.57147   18.744  0.065100
 7631.58930   18.704  0.067900
 7631.60696   18.815  0.075700
 7631.62633   18.714  0.068200
 7631.64448   18.792  0.070700
 7632.58134   18.722  0.054300
 7632.59892   18.692  0.049600
 7632.61630   18.678  0.053300
 7632.63617   18.718  0.062300
 7632.66919   18.718  0.054200
 7632.69031   18.738  0.058800
 7633.48430   18.732  0.060700
 7633.50529   18.692  0.061500
 7633.54399   18.718  0.068300
 7633.56225   18.744  0.063000
 7633.59029   18.708  0.056000
 7633.60850   18.748  0.071300
 7633.62806   18.616  0.063300
 7633.64710   18.574  0.064100
 7633.66626   18.702  0.061800
 7635.50737   18.541  0.068700
 7635.52512   18.601  0.064800
 7635.54295   18.639  0.065900
 7635.56165   18.633  0.065700
 7635.58247   18.724  0.070500
 7635.63141   18.753  0.071500
 7635.64898   18.785  0.074700
 7636.48682   18.712  0.068100
 7636.50677   18.748  0.071300
 7636.53738   18.655  0.060500
 7636.55478   18.732  0.064700
 7636.57974   18.765  0.067800
 7636.59998   18.765  0.067800
 7636.61860   18.753  0.077600
 7636.63615   18.686  0.067300
 7636.66876   18.659  0.066500
 7637.48530   18.802  0.069000
 7637.50409   18.682  0.055300
 7637.52190   18.736  0.052700
 7637.53965   18.763  0.057400
 7637.55800   18.716  0.056200
 7637.58731   18.769  0.063800
 7637.60531   18.732  0.056600
 7637.62244   18.670  0.068800
 7637.64321   18.771  0.076200
 7637.66123   18.728  0.084800
 7638.49256   18.708  0.072000
 7638.51015   18.783  0.060100
 7638.53952   18.813  0.084000
 7638.55705   18.692  0.053600
 7638.57547   18.700  0.053800
 7638.59648   18.716  0.062200
 7638.60000   18.680  0.059200
 7638.61910   18.769  0.065800
 7638.63716   18.798  0.064700
 7638.66589   18.738  0.069000
 7639.47089   18.844  0.136500
 7639.48997   18.706  0.051900
 7639.50770   18.700  0.055800
 7639.52541   18.736  0.060800
 7639.54332   18.730  0.050500
 7639.56096   18.714  0.060200
 7639.58972   18.732  0.060700
 7639.60736   18.775  0.061900
 7639.62481   18.846  0.068300
 7639.64687   18.750  0.065300
 7640.48825   18.724  0.060400
 7640.50587   18.771  0.068000
 7640.53612   18.688  0.055500
 7640.55366   18.684  0.061300
 7640.57155   18.783  0.080800
 7640.58913   18.657  0.058600
 7640.60665   18.708  0.092000
 7640.63401   18.821  0.078100
 7640.64424   18.755  0.071500
 7641.47059   18.716  0.148500
 7641.49030   18.698  0.067700
 7641.50799   18.765  0.071900
 7641.53710   18.724  0.078600
 7641.55484   18.769  0.072000
 7641.58394   18.765  0.088300
 7641.60199   18.690  0.079300
 7641.61985   18.708  0.090000
 7641.64208   18.769  0.094600
 7642.48076   18.783  0.080800
 7642.49847   18.872  0.121100
 7642.51635   18.726  0.070600
 7642.54543   18.655  0.078100
 7642.56405   18.866  0.144500
 7642.58378   18.759  0.096200
 7642.60241   18.877  0.132200
 7642.62156   18.974  0.145800
 7642.64018   19.018  0.163100
 7643.51368   18.954  0.105900
 7643.53181   18.794  0.085400
 7643.54953   18.927  0.091200
 7643.56736   18.804  0.073200
 7643.58510   18.740  0.069000
 7643.61504   18.829  0.078400
 7643.63581   18.896  0.100700
 7644.48055   18.777  0.111500
 7644.49817   18.750  0.095900
 7644.51645   18.668  0.086400
 7644.53499   18.680  0.108600
 7644.55298   18.750  0.089700
 7644.60213   18.851  0.160500
 7644.62192   18.753  0.175600
 7644.63355   18.757  0.175900
 7645.50554   18.606  0.095500
 7645.53437   18.734  0.089100
 7645.55197   18.639  0.102700
 7645.56994   18.808  0.098500
 7645.58772   18.817  0.117900
 7645.60560   18.761  0.090200
 7645.63392   18.771  0.107100
 7647.48995   18.767  0.094600
 7647.50796   18.661  0.060700
 7647.52557   18.630  0.061800
 7647.54314   18.792  0.074900
 7647.56095   18.773  0.072200
 7647.59148   18.775  0.076400
 7647.60916   18.757  0.081800
 7647.62541   18.773  0.088600
 7648.48262   18.718  0.064300
 7648.51857   18.718  0.056300
 7648.53735   18.767  0.065800
 7648.55516   18.748  0.063200
 7648.58428   18.718  0.066300
 7648.60216   18.794  0.083300
 7648.62093   18.702  0.081800
 7649.48225   18.808  0.083900
 7649.50049   18.732  0.064700
 7649.51846   18.734  0.066800
 7649.53622   18.781  0.076600
 7649.56584   18.790  0.081000
 7649.58770   18.684  0.085100
 7649.60613   18.753  0.083700
 7650.47288   18.819  0.189700
 7650.49593   18.718  0.072300
 7650.51522   18.686  0.071300
 7650.54554   18.520  0.071800
 7650.57607   18.868  0.095000
 7650.59529   18.593  0.077900
 7650.61746   18.864  0.090500
 7651.48485   18.763  0.090300
 7651.50302   18.672  0.076700
 7651.53381   18.730  0.070700
 7651.55166   18.710  0.074100
 7651.56974   18.785  0.078800
 7651.58773   18.894  0.091800
 7651.61624   18.722  0.084500
 7653.49836   18.742  0.063000
 7653.51672   18.720  0.062300
 7653.54201   18.757  0.063400
 7653.56262   18.643  0.064100
 7653.58110   18.855  0.079400
 7653.60843   18.746  0.071300
 7654.50249   18.753  0.059200
 7654.50401   18.757  0.059300
 7654.52259   18.755  0.063400
 7654.55169   18.813  0.067200
 7654.57098   18.694  0.063600
 7654.58893   18.773  0.070100
 7654.61005   18.757  0.081800
 7655.50151   18.773  0.066000
 7655.52028   18.783  0.064200
 7655.54931   18.804  0.064900
 7655.58544   18.759  0.071700
 7655.60381   18.794  0.070800
 7656.50635   18.771  0.068000
 7656.52437   18.753  0.063300
 7656.54188   18.724  0.066500
 7656.57152   18.811  0.067200
 7656.60123   18.785  0.068400
 7657.49948   18.738  0.058800
 7657.51767   18.686  0.057400
 7657.53704   18.783  0.064200
 7657.55686   18.742  0.063000
 7657.59875   18.765  0.071900
 7657.60022   18.722  0.070500
 7658.48685   18.771  0.063800
 7658.50541   18.788  0.062300
 7658.52626   18.710  0.058000
 7658.54836   18.785  0.066400
 7658.56598   18.755  0.067400
 7658.59809   18.808  0.081800
 7659.49610   18.663  0.058800
 7659.51410   18.740  0.056800
 7659.53193   18.696  0.053700
 7659.55128   18.759  0.061400
 7659.56943   18.728  0.064600
 7659.59454   18.832  0.072100
 7660.52819   18.788  0.064300
 7660.54612   18.802  0.064800
 7660.56541   18.728  0.060600
 7660.58964   18.736  0.064800
 7661.49374   18.706  0.055900
 7661.51180   18.718  0.058300
 7661.52951   18.674  0.057100
 7661.55818   18.763  0.061500
 7661.58561   18.846  0.074800
 7662.48502   18.763  0.073900
 7662.50292   18.769  0.063800
 7662.52153   18.779  0.066200
 7662.54825   18.750  0.063200
 7662.59075   18.794  0.081200
 7663.49890   18.773  0.055700
 7663.51701   18.708  0.054000
 7663.53733   18.783  0.055900
 7663.57880   18.700  0.065800
 7664.48865   18.773  0.072200
 7664.50723   18.722  0.070500
 7664.53730   18.684  0.069200
 7664.55531   18.808  0.079700
 7665.54031   18.746  0.077400
 7666.49989   18.718  0.068300
 7666.51717   18.870  0.073500
 7666.53512   18.720  0.062300
 7666.55293   18.896  0.076600
 7666.57255   18.753  0.071500
 7667.52040   18.777  0.066100
 7667.53881   18.821  0.071700
 7667.55772   18.802  0.075300
 7667.56853   18.722  0.070500
 7668.49335   18.694  0.069500
 7668.51205   18.732  0.070800
 7668.53012   18.817  0.090500
 7668.56852   18.736  0.075000
 7669.50177   18.718  0.062300
 7669.51923   18.730  0.068700
 7669.53726   18.740  0.069000
 7669.56355   18.690  0.073400
 7670.50603   18.714  0.068200
 7670.52568   18.763  0.073900
 7670.56266   18.767  0.078100
 7671.51320   18.788  0.074700
 7671.53121   18.736  0.068900
 7671.55691   18.702  0.079800
 7672.50272   18.777  0.128100
 7672.52175   18.684  0.071200
 7673.47853   18.720  0.241300
 7673.50949   18.663  0.064600
 7673.52752   18.726  0.064500
 7673.54658   18.763  0.082100
 7673.55687   18.775  0.088700
 7675.48208   18.686  0.112900
 7675.49967   18.728  0.080700
 7675.51785   18.808  0.081800
 7675.52546   18.736  0.077000
 7675.54651   18.763  0.090300
