 7441.61174   18.635  0.083600
 7441.64067   18.762  0.112000
 7442.59853   18.747  0.080600
 7442.62190   18.659  0.070800
 7443.58883   18.757  0.086200
 7443.61582   18.702  0.068200
 7443.63852   18.777  0.072100
 7444.57466   18.550  0.083000
 7444.59741   18.663  0.080500
 7446.57826   18.757  0.081200
 7446.60221   18.599  0.081400
 7446.62572   18.736  0.085000
 7447.56863   18.659  0.085000
 7447.60679   18.683  0.072100
 7447.63226   18.702  0.058500
 7448.57386   18.752  0.075800
 7448.59841   18.617  0.068700
 7448.62049   18.649  0.065600
 7448.64304   18.727  0.084300
 7449.57120   18.608  0.081900
 7449.59429   18.721  0.089000
 7449.62002   18.717  0.078800
 7449.64653   18.550  0.091700
 7450.55097   18.635  0.078900
 7450.57396   18.787  0.088200
 7450.61261   18.798  0.088900
 7450.63973   18.747  0.075500
 7451.55405   18.581  0.084800
 7451.58463   18.585  0.080600
 7451.61049   18.692  0.082200
 7451.63744   18.635  0.065000
 7452.55848   18.732  0.064700
 7452.58177   18.762  0.061100
 7452.60450   18.727  0.049600
 7452.62795   18.736  0.050000
 7457.55048   18.678  0.052700
 7457.57321   18.782  0.062000
 7457.60886   18.772  0.056400
 7457.63427   18.673  0.047700
 7459.58092   18.673  0.071600
 7459.60219   18.747  0.075500
 7459.62692   18.819  0.074400
 7459.64803   18.757  0.071000
 7460.54271   18.752  0.080900
 7460.56415   18.697  0.072800
 7460.58522   18.612  0.054800
 7460.60633   18.762  0.071300
 7460.62735   18.692  0.058100
 7462.55497   18.741  0.075200
 7462.57537   18.747  0.075500
 7462.59659   18.659  0.061400
 7462.61768   18.721  0.059300
 7462.63907   18.654  0.056500
 7464.53863   18.787  0.072700
 7464.56412   18.757  0.060900
 7464.58686   18.697  0.063100
 7464.61035   18.697  0.063100
 7464.63345   18.659  0.056700
 7465.55447   18.721  0.064300
 7465.57690   18.654  0.061200
 7465.59934   18.683  0.062400
 7465.62135   18.702  0.073100
 7465.64472   18.697  0.063100
 7466.52432   18.659  0.075500
 7466.54612   18.594  0.063100
 7467.52398   18.612  0.068500
 7467.54873   18.673  0.066800
 7467.57367   18.747  0.065400
 7467.61917   18.782  0.062000
 7467.64241   18.712  0.058900
 7479.49061   18.654  0.075300
 7479.52848   18.727  0.074400
 7479.53436   18.717  0.073900
 7479.55420   18.702  0.073100
 7479.61056   18.697  0.072800
 7480.59907   18.772  0.082100
 7480.61673   18.668  0.066600
 7480.63444   18.617  0.068700
 7481.47012   18.668  0.066600
 7481.50122   18.524  0.064300
 7481.52063   18.590  0.062900
 7481.53809   18.649  0.065600
 7481.55624   18.757  0.065900
 7481.57460   18.659  0.066100
 7481.59260   18.673  0.062000
 7481.61247   18.772  0.061600
 7481.63040   18.673  0.062000
 7481.64999   18.626  0.059900
 7482.47634   18.659  0.056700
 7482.49497   18.721  0.069200
 7482.54682   18.687  0.062700
 7482.56521   18.808  0.068500
 7482.58268   18.782  0.062000
 7482.60009   18.736  0.055000
 7482.61740   18.777  0.056600
 7486.48203   18.777  0.056600
 7486.50571   18.687  0.053000
 7486.53240   18.732  0.054800
 7488.46267   18.712  0.068700
 7488.48131   18.736  0.065000
 7488.53660   18.793  0.062500
 7488.55478   18.721  0.064300
 7488.57347   18.697  0.063100
 7488.59211   18.659  0.061400
 7488.61560   18.803  0.068300
 7489.46577   18.645  0.065400
 7489.48347   18.603  0.059000
 7489.50129   18.692  0.058100
 7489.52013   18.707  0.053800
 7489.53770   18.803  0.057800
 7489.57010   18.717  0.054200
 7489.58796   18.782  0.062000
 7489.60725   18.702  0.053600
 7489.63312   18.829  0.064300
 7489.65409   18.824  0.064000
 7490.50014   18.702  0.073100
 7490.51827   18.736  0.055000
 7490.53564   18.762  0.056000
 7490.56459   18.803  0.057800
 7490.58198   18.747  0.055400
 7490.59948   18.762  0.061100
 7490.61948   18.741  0.070200
 7490.63987   18.808  0.084300
 7491.46379   18.692  0.062900
 7491.48242   18.814  0.058200
 7491.52119   18.692  0.067700
 7491.53860   18.673  0.057200
 7491.55754   18.697  0.058300
 7491.59047   18.767  0.061300
 7491.60821   18.727  0.064500
 7491.62984   18.767  0.061300
 7491.64808   18.697  0.053400
 7491.66758   18.659  0.056700
 7492.47746   18.663  0.056900
 7492.49597   18.824  0.064000
 7492.51638   18.717  0.059100
 7492.53481   18.721  0.049400
 7492.55823   18.712  0.049100
 7492.59659   18.782  0.056900
 7492.61592   18.757  0.055800
 7492.63825   18.683  0.043200
 7492.66602   18.721  0.054400
 7493.46119   18.683  0.057600
 7493.47984   18.622  0.059700
 7493.49824   18.757  0.060900
 7493.51704   18.772  0.056400
 7493.53598   18.736  0.055000
 7493.55525   18.747  0.055400
 7493.57426   18.717  0.059100
 7493.60462   18.741  0.060200
 7493.62796   18.762  0.061100
 7493.65076   18.603  0.054400
 7493.66962   18.608  0.072800
 7494.44992   18.717  0.064000
 7494.46902   18.635  0.060300
 7494.48751   18.697  0.072800
 7494.50840   18.659  0.066100
 7494.52705   18.645  0.210300
 7494.54570   18.721  0.059300
 7494.57845   18.732  0.089600
 7494.60151   18.717  0.064000
 7494.62289   18.752  0.055600
 7494.64191   18.697  0.048500
 7494.66272   18.683  0.052800
 7496.47051   18.659  0.061400
 7496.48923   18.732  0.054800
 7497.44272   18.707  0.078200
 7497.46118   18.697  0.058300
 7497.47975   18.717  0.054200
 7497.49859   18.803  0.068300
 7496.50781   18.727  0.049600
 7496.52630   18.692  0.048400
 7496.59818   18.697  0.043700
 7496.63048   18.712  0.063800
 7496.66860   18.702  0.053600
 7497.51733   18.824  0.069300
 7497.56225   18.741  0.055200
 7497.58280   18.741  0.075200
 7497.61514   18.767  0.061300
 7498.44170   18.712  0.073600
 7498.46272   18.736  0.065000
 7498.48343   18.772  0.056400
 7498.50204   18.683  0.062400
 7498.53388   18.798  0.062800
 7498.55215   18.741  0.060200
 7498.57055   18.762  0.061100
 7498.58946   18.787  0.057100
 7498.63744   18.767  0.061300
 7498.65666   18.626  0.059900
 7498.67498   18.683  0.067300
 7502.47586   18.757  0.081200
 7502.50013   18.707  0.073300
 7502.52758   18.736  0.070000
 7502.55236   18.727  0.069500
 7503.42653   18.712  0.093200
 7503.48168   18.687  0.086800
 7503.51403   18.692  0.082200
 7503.55016   18.717  0.078800
 7503.57517   18.692  0.067700
 7503.63153   18.663  0.080500
 7504.47631   18.772  0.097500
 7504.50097   18.793  0.083400
 7504.52744   18.736  0.085000
 7504.55941   18.692  0.072600
 7504.58761   18.787  0.088200
 7504.62016   18.777  0.092700
 7504.64458   18.721  0.093900
 7505.41108   18.707  0.097800
 7505.46474   18.752  0.116200
 7505.49252   18.890  0.112100
 7505.51803   18.767  0.092000
 7505.54514   18.851  0.136100
 7505.60454   18.762  0.106900
 7505.63773   18.687  0.135000
 7505.66542   18.772  0.102600
 7506.40397   18.678  0.100500
 7506.42818   18.777  0.113300
 7506.45338   18.732  0.099600
 7506.47837   18.873  0.110700
 7506.51040   18.757  0.081200
 7506.53520   18.727  0.074400
 7506.56014   18.741  0.075200
 7506.58683   18.798  0.104600
 7506.61963   18.772  0.061600
 7506.65200   18.721  0.064300
 7506.65554   18.762  0.066200
 7507.41740   18.645  0.074800
 7509.39697   18.717  0.068900
 7509.48073   18.762  0.056000
 7509.51874   18.757  0.065900
 7509.54479   18.835  0.075300
 7509.57066   18.678  0.067000
 7509.60031   18.747  0.060400
 7509.62483   18.829  0.064300
 7509.66384   18.721  0.059300
 7510.39554   18.747  0.060400
 7510.40138   18.787  0.057100
 7510.40334   18.640  0.051200
 7510.40518   18.762  0.061100
 7510.45487   18.721  0.049400
 7510.48274   18.727  0.044600
 7510.51020   18.707  0.044000
 7510.54648   18.673  0.047700
 7510.57172   18.772  0.061600
 7510.59983   18.687  0.048200
 7510.62574   18.782  0.062000
 7510.65148   18.741  0.055200
 7511.41539   18.721  0.059300
 7511.44258   18.683  0.048000
 7511.46811   18.793  0.057300
 7511.49319   18.659  0.051900
 7511.51938   18.732  0.054800
 7511.55275   18.757  0.055800
 7511.58386   18.732  0.054800
 7511.61347   18.712  0.063800
 7511.63837   18.717  0.073900
 7511.67215   18.687  0.057800
 7512.39301   18.747  0.070500
 7512.51178   18.692  0.058100
 7512.55602   18.683  0.048000
 7512.58320   18.772  0.061600
 7512.61343   18.692  0.072600
 7512.63692   18.741  0.085300
 7513.38875   18.707  0.063600
 7513.41406   18.782  0.056900
 7513.44178   18.683  0.052800
 7513.46798   18.840  0.064800
 7513.50402   18.798  0.068000
 7513.56488   18.702  0.048700
 7513.59480   18.712  0.054000
 7513.62895   18.727  0.054600
 7513.63169   18.787  0.057100
 7513.66744   18.762  0.071300
 7514.38702   18.741  0.065200
 7514.38854   18.687  0.057800
 7514.39009   18.668  0.061800
 7514.39212   18.608  0.059200
 7514.41727   18.741  0.065200
 7514.44536   18.712  0.054000
 7514.47247   18.752  0.055600
 7514.49817   18.752  0.055600
 7514.53315   18.659  0.051900
 7514.56239   18.687  0.048200
 7514.59882   18.721  0.049400
 7514.63159   18.732  0.049800
 7514.65991   18.640  0.051200
 7518.38218   18.717  0.064000
 7518.41512   18.563  0.052900
 7518.44010   18.717  0.064000
 7518.46607   18.590  0.062900
 7519.37480   18.631  0.046300
 7519.40506   18.608  0.041000
 7519.42810   18.631  0.037000
 7519.45543   18.707  0.039100
 7519.51410   18.702  0.048700
 7519.56730   18.752  0.050500
 7519.60038   18.717  0.049200
 7519.62663   18.707  0.053800
 7520.39321   18.702  0.063300
 7520.41885   18.673  0.052500
 7520.47175   18.532  0.069000
 7520.50529   18.678  0.052700
 7520.52985   18.717  0.059100
 7520.55747   18.697  0.068000
 7520.58263   18.702  0.073100
 7520.60727   18.741  0.055200
 7520.63987   18.520  0.085500
 7520.68024   18.635  0.065000
 7523.43638   18.612  0.045700
 7523.46768   18.599  0.040700
 7523.49539   18.663  0.047400
 7523.52215   18.721  0.049400
 7523.55286   18.697  0.053400
 7523.58239   18.762  0.056000
 7523.61382   18.772  0.066700
 7523.63720   18.747  0.060400
 7523.66074   18.717  0.059100
 7524.37172   18.803  0.063000
 7524.39647   18.692  0.053200
 7524.42877   18.697  0.053400
 7524.45636   18.635  0.051100
 7524.48036   18.727  0.054600
 7524.50791   18.752  0.045500
 7524.53213   18.702  0.043800
 7524.56633   18.687  0.048200
 7524.58986   18.741  0.060200
 7524.61460   18.727  0.054600
 7524.63774   18.687  0.057800
 7524.66438   18.767  0.066400
 7525.38443   18.787  0.072700
 7525.41379   18.747  0.060400
 7525.41859   18.732  0.054800
 7525.44426   18.717  0.054200
 7525.46949   18.747  0.055400
 7525.49463   18.687  0.048200
 7526.36803   18.717  0.078800
 7526.39110   18.824  0.080000
 7526.42215   18.824  0.074700
 7526.44530   18.767  0.066400
 7526.47064   18.721  0.064300
 7526.49691   18.757  0.071000
 7525.52581   18.659  0.047200
 7525.56728   18.702  0.048700
 7525.59181   18.808  0.058000
 7525.61841   18.736  0.055000
 7526.52863   18.747  0.070500
 7526.57236   18.777  0.077200
 7526.59657   18.732  0.069700
 7526.62170   18.683  0.067300
 7526.64430   18.678  0.062200
 7529.35008   18.503  0.088700
 7529.38179   18.846  0.108400
 7529.40654   18.819  0.100900
 7529.43113   18.678  0.091000
 7529.48107   18.537  0.073500
 7529.51739   18.559  0.079100
 7529.54393   18.683  0.134500
 7529.59568   18.787  0.134900
 7529.62079   18.757  0.136900
 7530.37748   18.692  0.125800
 7531.34005   18.692  0.183800
 7531.36528   18.608  0.177500
 7531.39046   18.692  0.164500
 7531.41516   18.559  0.127400
 7531.44682   18.599  0.117500
 7531.47177   18.814  0.142900
 7531.49571   18.692  0.111300
 7531.52184   18.741  0.130400
 7531.54672   18.663  0.165800
 7531.60385   18.507  0.127100
 7531.62891   18.626  0.175200
 7531.66896   18.532  0.289000
 7534.50762   18.702  0.078000
 7534.53591   18.702  0.063300
 7534.56091   18.777  0.072100
 7534.58408   18.659  0.061400
 7534.60912   18.712  0.073600
 7534.65276   18.747  0.075500
 7534.68427   18.721  0.079100
 7535.32962   18.747  0.080600
 7535.37803   18.747  0.090600
 7535.41225   18.727  0.084300
 7535.43675   18.814  0.079400
 7535.47933   18.846  0.092100
 7535.58098   18.683  0.067300
 7535.60436   18.687  0.077100
 7535.60588   18.687  0.077100
 7535.66703   18.617  0.082500
 7536.34409   18.717  0.073900
 7536.37288   18.732  0.069700
 7536.42155   18.721  0.074100
 7536.44825   18.721  0.074100
 7536.48111   18.721  0.064300
 7536.50988   18.793  0.072900
 7536.53543   18.673  0.052500
 7536.56239   18.732  0.064700
 7536.58593   18.814  0.074100
 7536.63272   18.608  0.068300
 7536.67993   18.635  0.078900
 7537.32570   18.599  0.067800
 7537.32705   18.721  0.079100
 7537.32954   18.692  0.077400
 7537.35868   18.673  0.066800
 7537.38144   18.712  0.073600
 7537.40861   18.678  0.062200
 7537.43721   18.808  0.073800
 7537.46443   18.727  0.064500
 7537.48935   18.707  0.063600
 7537.52095   18.721  0.059300
 7537.54932   18.782  0.067200
 7537.57724   18.668  0.066600
 7537.60816   18.645  0.070100
 7537.63261   18.550  0.065500
 7537.65690   18.752  0.080900
 7537.68062   18.594  0.081100
 7538.32222   18.673  0.076300
 7538.37495   18.727  0.064500
 7538.40198   18.767  0.061300
 7538.43117   18.762  0.056000
 7538.45495   18.752  0.055600
 7538.48665   18.712  0.058900
 7538.51550   18.707  0.058700
 7538.54798   18.712  0.063800
 7538.57149   18.752  0.065700
 7538.59477   18.687  0.067500
 7538.62481   18.692  0.067700
 7538.65766   18.673  0.066800
 7539.31958   18.668  0.066600
 7539.34873   18.590  0.053900
 7539.37298   18.626  0.069200
 7539.40409   18.727  0.064500
 7539.42875   18.683  0.048000
 7539.45599   18.717  0.059100
 7539.48020   18.762  0.076400
 7539.50615   18.736  0.065000
 7539.53935   18.673  0.062000
 7539.56306   18.798  0.083700
 7540.32611   18.654  0.080000
 7540.37683   18.635  0.055700
 7540.39987   18.683  0.057600
 7540.42473   18.717  0.064000
 7540.45561   18.721  0.059300
 7540.48825   18.736  0.065000
 7540.51753   18.747  0.060400
 7540.54418   18.717  0.059100
 7540.56839   18.659  0.056700
 7540.60267   18.702  0.063300
 7540.63684   18.631  0.060100
 7540.66149   18.712  0.063800
 7541.33061   18.717  0.088600
 7541.35512   18.741  0.060200
 7541.38156   18.787  0.062300
 7541.41750   18.798  0.078400
 7541.44306   18.732  0.054800
 7541.47162   18.757  0.060900
 7541.49775   18.772  0.056400
 7541.52445   18.721  0.054400
 7541.56454   18.707  0.048900
 7541.59549   18.747  0.045300
 7541.62316   18.747  0.050300
 7541.65908   18.727  0.059500
 7542.33466   18.757  0.065900
 7542.36642   18.777  0.061800
 7542.39173   18.702  0.053600
 7542.41604   18.707  0.048900
 7542.44042   18.687  0.048200
 7542.46702   18.741  0.055200
 7542.50152   18.668  0.047500
 7542.52915   18.687  0.048200
 7542.55780   18.687  0.048200
 7542.58523   18.663  0.042600
 7542.61374   18.697  0.048500
 7542.65022   18.732  0.054800
 7542.68065   18.697  0.068000
 7545.32348   18.752  0.065700
 7545.34971   18.762  0.056000
 7545.37544   18.752  0.055600
 7545.41033   18.782  0.062000
 7545.43511   18.631  0.050900
 7545.46007   18.762  0.050900
 7545.48585   18.673  0.052500
 7545.51319   18.717  0.064000
 7545.54485   18.707  0.068500
 7545.57364   18.683  0.072100
 7545.59848   18.762  0.076400
 7545.62663   18.626  0.064600
 7545.65197   18.712  0.078500
 7546.32385   18.732  0.069700
 7546.35209   18.757  0.060900
 7546.38002   18.678  0.052700
 7546.40519   18.757  0.055800
 7546.43000   18.717  0.054200
 7546.45615   18.702  0.048700
 7546.49455   18.757  0.050700
 7546.52375   18.752  0.050500
 7546.54746   18.687  0.048200
 7546.57393   18.741  0.055200
 7546.59890   18.721  0.054400
 7546.63734   18.707  0.063600
 7546.66222   18.772  0.071800
 7546.67474   18.687  0.072300
 7547.30654   18.697  0.063100
 7547.33039   18.712  0.063800
 7547.35706   18.712  0.088300
 7547.38102   18.717  0.049200
 7547.41369   18.707  0.044000
 7547.43691   18.717  0.044300
 7547.46302   18.717  0.054200
 7547.49076   18.741  0.060200
 7547.52250   18.663  0.061600
 7547.55495   18.757  0.055800
 7547.58759   18.673  0.057200
 7547.61462   18.631  0.060100
 7547.63985   18.590  0.053900
 7547.66423   18.692  0.067700
 7548.30653   18.603  0.072600
 7548.33897   18.654  0.070600
 7548.36185   18.687  0.062700
 7548.40807   18.741  0.060200
 7548.43385   18.635  0.060300
 7548.46440   18.712  0.063800
 7548.49743   18.712  0.054000
 7548.52052   18.707  0.063600
 7548.54391   18.626  0.059900
 7548.59620   18.599  0.063300
 7551.37877   18.594  0.112700
 7551.42498   18.697  0.063100
 7551.51061   18.659  0.066100
 7551.53342   18.585  0.134300
 7552.35045   18.678  0.057400
 7552.37432   18.712  0.058900
 7552.40819   18.673  0.057200
 7552.43135   18.727  0.059500
 7552.48233   18.757  0.065900
 7552.50673   18.631  0.060100
 7552.54228   18.659  0.066100
 7552.56819   18.645  0.079400
 7552.59166   18.631  0.064800
 7556.32818   18.541  0.082400
 7556.36816   18.532  0.073300
 7556.39312   18.717  0.078800
 7556.41792   18.585  0.067200
 7556.44312   18.537  0.064900
 7556.47740   18.712  0.088300
 7556.50906   18.649  0.103200
 7556.55900   18.717  0.083700
 7556.60548   18.654  0.070600
 7556.64244   18.576  0.075600
 7557.32559   18.640  0.083800
 7557.34521   18.635  0.078900
 7557.36340   18.599  0.085900
 7557.38157   18.572  0.066500
 7557.39981   18.590  0.071900
 7557.41858   18.599  0.072300
 7557.43963   18.640  0.074500
 7557.46045   18.617  0.105400
 7557.47918   18.697  0.111700
 7557.50978   18.626  0.096800
 7557.52821   18.645  0.079400
 7557.55117   18.692  0.091900
 7557.56975   18.631  0.074000
 7557.58862   18.622  0.091900
 7557.60744   18.503  0.092900
 7557.62607   18.515  0.127800
 7558.29679   18.482  0.224700
 7558.31511   18.490  0.087900
 7558.33342   18.717  0.147700
 7558.36827   18.626  0.166000
 7558.38789   18.649  0.084400
 7558.40604   18.559  0.083500
 7558.42534   18.572  0.084300
 7558.44451   18.590  0.080900
 7558.46533   18.541  0.112800
 7558.48631   18.626  0.110700
 7558.48950   18.546  0.121900
 7558.50783   18.608  0.086500
 7558.52625   18.640  0.135100
 7558.54471   18.668  0.114100
 7558.56383   18.603  0.117900
 7558.59497   18.449  0.101700
 7558.61400   18.567  0.110500
 7561.28183   18.541  0.121500
 7561.31861   18.532  0.077600
 7561.33702   18.567  0.097300
 7561.35574   18.585  0.098500
 7561.37429   18.494  0.071400
 7561.39323   18.612  0.095900
 7561.42180   18.520  0.068400
 7561.44006   18.453  0.093800
 7561.46060   18.428  0.060200
 7561.47931   18.532  0.073300
 7561.51371   18.461  0.073800
 7561.53624   18.366  0.073000
 7561.55865   18.546  0.082700
 7561.61205   18.541  0.117200
 7561.62392   18.585  0.138800
 7562.31654   18.477  0.066400
 7562.33406   18.421  0.055800
 7562.35165   18.385  0.066200
 7562.36971   18.461  0.061500
 7562.38747   18.417  0.067600
 7562.40466   18.370  0.057800
 7562.42441   18.424  0.072000
 7562.44310   18.397  0.054900
 7562.47510   18.477  0.058100
 7562.49272   18.397  0.051000
 7562.51465   18.469  0.061900
 7562.53275   18.362  0.057500
 7562.55127   18.437  0.056500
 7562.56870   18.309  0.051800
 7562.59173   18.362  0.061300
 7562.61187   18.417  0.067600
 7563.38536   18.262  0.121800
 7563.40258   18.244  0.085000
 7563.41962   18.424  0.084000
 7563.43999   18.202  0.065400
 7563.52926   18.237  0.084600
 7563.54697   18.324  0.141900
 7563.58398   18.397  0.109900
 7563.60064   18.244  0.063700
 7563.61364   18.424  0.140000
 7564.32245   18.248  0.102900
 7564.34058   18.313  0.070400
 7564.40458   18.220  0.048800
 7564.42203   18.206  0.065600
 7564.44279   18.220  0.041800
 7564.46231   18.155  0.036700
 7564.48361   18.220  0.038300
 7564.50284   18.202  0.041300
 7564.52369   18.168  0.037100
 7564.53941   18.175  0.040600
 7564.55807   18.138  0.049600
 7564.58696   18.105  0.048500
 7564.60442   18.230  0.056100
 7565.24884   17.981  0.047900
 7565.26782   18.002  0.036400
 7565.30466   18.048  0.056200
 7565.32356   18.135  0.049500
 7565.34184   18.033  0.037100
 7565.36067   18.083  0.035100
 7565.37853   18.033  0.034000
 7565.39973   18.045  0.034300
 7565.45675   18.023  0.046100
 7565.47525   17.966  0.032600
 7565.58072   17.928  0.040600
 7568.25704   16.709  0.012900
 7568.29410   16.667  0.012800
 7568.31225   16.631  0.011000
 7568.32996   16.618  0.011000
 7568.34994   16.618  0.011000
 7568.36982   16.582  0.010800
 7568.39227   16.561  0.010800
 7568.40999   16.576  0.018600
 7568.44466   16.521  0.010600
 7568.46257   16.533  0.027500
 7568.48153   16.500  0.013600
 7568.49963   16.483  0.015000
 7568.51851   16.458  0.010400
 7568.53817   16.434  0.010400
 7568.55746   16.422  0.010300
 7568.57603   16.437  0.010400
 7568.59912   16.421  0.010300
 7569.26209   16.702  0.012900
 7569.29716   16.715  0.013000
 7569.33215   16.728  0.011400
 7569.35073   16.735  0.011400
 7569.38767   16.789  0.013300
 7569.40608   16.809  0.013400
 7569.42454   16.819  0.013500
 7569.44339   16.836  0.011900
 7569.46173   16.841  0.013600
 7569.48056   16.882  0.013800
 7569.49888   16.908  0.013900
 7569.51761   16.886  0.013800
 7569.54766   16.949  0.014200
 7569.57298   16.977  0.016100
 7569.59170   16.951  0.015900
 7572.23953   18.036  0.040300
 7572.26245   18.017  0.033700
 7572.28076   18.030  0.030800
 7572.29950   17.987  0.030000
 7572.31760   18.014  0.030600
 7572.33575   18.023  0.027700
 7572.35775   18.067  0.028400
 7572.37741   18.138  0.049600
 7572.39569   18.132  0.029600
 7572.42566   18.067  0.031600
 7572.44399   18.105  0.032400
 7572.46342   18.122  0.032700
 7572.48583   18.073  0.031700
 7572.50429   18.048  0.034300
 7572.52268   18.151  0.033300
 7572.54430   18.089  0.038400
 7572.56380   18.138  0.039600
 7572.58826   18.155  0.046800
 7573.25755   18.165  0.040300
 7573.27568   18.161  0.040200
 7573.30647   18.237  0.038800
 7573.32484   18.233  0.042200
 7573.34294   18.209  0.041500
 7573.36104   18.313  0.040800
 7573.38201   18.220  0.038300
 7573.40097   18.265  0.035900
 7573.42277   18.265  0.039500
 7573.44293   18.269  0.036000
 7573.46107   18.241  0.042400
 7573.47954   18.213  0.045100
 7573.50916   18.241  0.042400
 7573.52711   18.185  0.040900
 7573.54544   18.216  0.045200
 7573.56359   18.298  0.051400
 7574.25239   18.248  0.042600
 7574.28921   18.332  0.045000
 7574.30735   18.328  0.048700
 7574.33129   18.393  0.050900
 7574.34941   18.320  0.048400
 7574.36778   18.370  0.046200
 7574.40345   18.358  0.045900
 7574.42738   18.358  0.042000
 7574.44747   18.335  0.045200
 7574.46774   18.358  0.042000
 7574.48575   18.328  0.044900
 7574.50398   18.276  0.050600
 7576.22554   18.433  0.064300
 7576.24469   18.358  0.061100
 7576.31118   18.477  0.049800
 7576.32845   18.424  0.052000
 7576.34621   18.370  0.046200
 7576.36476   18.417  0.055700
 7576.38302   18.461  0.057400
 7576.40326   18.385  0.050600
 7576.42310   18.433  0.052300
 7576.44147   18.437  0.060500
 7576.46020   18.401  0.055100
 7576.47836   18.413  0.055500
 7576.58208   18.465  0.057600
 7577.27712   18.550  0.061100
 7577.31345   18.515  0.046900
 7577.33187   18.494  0.046200
 7577.34948   18.608  0.059200
 7577.38900   18.576  0.053400
 7577.40916   18.626  0.055300
 7577.42777   18.532  0.047400
 7577.44754   18.486  0.050100
 7577.49293   18.482  0.049900
 7577.51700   18.537  0.047600
 7577.53586   18.507  0.050800
 7577.55269   18.554  0.048200
 7577.57405   18.541  0.056400
 7578.23959   18.494  0.054600
 7578.25702   18.590  0.049400
 7578.27516   18.585  0.058200
 7578.33014   18.567  0.044200
 7578.34956   18.537  0.038900
 7578.36751   18.572  0.039900
 7578.38567   18.515  0.038300
 7578.40631   18.537  0.038900
 7578.43543   18.581  0.044600
 7578.45319   18.576  0.040000
 7578.47005   18.537  0.038900
 7578.48798   18.503  0.038000
 7578.50596   18.590  0.044900
 7578.52711   18.567  0.048600
 7578.52845   18.590  0.044900
 7578.55611   18.550  0.048000
 7578.57512   18.608  0.054600
 7579.23175   18.645  0.060800
 7579.25366   18.617  0.055000
 7579.27139   18.576  0.048900
 7579.28919   18.599  0.049700
 7579.30690   18.520  0.038500
 7579.32398   18.563  0.039700
 7579.34413   18.594  0.040600
 7579.36348   18.563  0.044100
 7579.38344   18.546  0.039200
 7579.41462   18.603  0.040800
 7579.43206   18.581  0.040200
 7579.45061   18.585  0.040300
 7579.47027   18.572  0.044300
 7579.49572   18.659  0.051900
 7579.51327   18.546  0.052200
 7579.54968   18.603  0.054400
 7579.57158   18.585  0.049300
 7580.21112   18.640  0.074500
 7580.24996   18.541  0.060700
 7580.26759   18.576  0.057800
 7580.30147   18.668  0.057000
 7580.32378   18.659  0.056700
 7580.34153   18.554  0.048200
 7580.36044   18.626  0.046100
 7580.38013   18.603  0.045400
 7580.40311   18.626  0.046100
 7580.42155   18.654  0.051800
 7580.43973   18.617  0.050400
 7580.45770   18.576  0.048900
 7580.47604   18.603  0.049900
 7580.50526   18.559  0.048300
 7580.52283   18.532  0.051800
 7580.54074   18.668  0.061800
 7580.57011   18.572  0.066500
 7581.23182   18.486  0.233700
 7581.24920   18.511  0.131700
 7581.26644   18.654  0.089400
 7581.28474   18.537  0.082200
 7581.31930   18.645  0.079400
 7581.33938   18.599  0.081400
 7581.41942   18.559  0.074700
 7581.43145   18.678  0.057400
 7581.44986   18.640  0.055900
 7581.47046   18.649  0.056300
 7581.48800   18.668  0.057000
 7581.50554   18.622  0.055100
 7581.52312   18.668  0.061800
 7581.54189   18.640  0.060500
 7581.56616   18.668  0.071300
 7582.25661   18.683  0.086500
 7582.27402   18.717  0.064000
 7582.29173   18.777  0.169900
 7582.30952   18.631  0.050900
 7582.32691   18.673  0.052500
 7582.34511   18.599  0.054300
 7582.36386   18.612  0.054800
 7582.38425   18.626  0.059900
 7582.40665   18.692  0.062900
 7582.42570   18.683  0.067300
 7582.44405   18.599  0.058800
 7582.47543   18.626  0.055300
 7582.49522   18.673  0.062000
 7582.51920   18.541  0.056400
 7582.54055   18.546  0.060900
 7583.22131   18.603  0.081600
 7583.23926   18.608  0.091000
 7583.27804   18.594  0.081100
 7583.29612   18.668  0.080800
 7583.31761   18.590  0.170700
 7583.33552   18.707  0.122200
 7583.37287   18.576  0.062300
 7583.39617   18.678  0.100500
 7583.41455   18.649  0.131300
 7583.43418   18.608  0.063700
 7583.45419   18.603  0.068000
 7583.47275   18.590  0.067400
 7583.49132   18.654  0.070600
 7583.51363   18.576  0.066700
 7583.53208   18.581  0.066900
 7584.21702   18.712  0.093200
 7584.23538   18.697  0.082500
 7584.28293   18.585  0.071600
 7584.30369   18.626  0.064600
 7584.32151   18.640  0.060500
 7584.34150   18.559  0.057100
 7584.35978   18.649  0.061000
 7584.37824   18.692  0.077400
 7584.39878   18.747  0.085600
 7584.41712   18.678  0.071800
 7584.43580   18.687  0.062700
 7584.45852   18.659  0.061400
 7584.48989   18.626  0.069200
 7584.50801   18.590  0.067400
 7584.55089   18.590  0.062900
 7586.22634   18.457  0.090000
 7586.24557   18.594  0.103600
 7586.26437   18.626  0.110700
 7586.28208   18.635  0.116000
 7586.30081   18.469  0.169100
 7586.31888   18.645  0.135500
 7586.35845   18.532  0.103500
 7586.38983   18.673  0.114500
 7586.50393   18.835  0.129000
 7586.52209   18.697  0.106800
 7586.54683   18.550  0.135300
 7589.21950   18.563  0.286500
 7589.32607   18.520  0.205100
 7589.36818   18.767  0.276000
 7589.38767   18.441  0.198200
 7589.40562   18.585  0.232800
 7589.42239   18.397  0.259000
 7589.44339   18.603  0.176900
 7589.46133   18.741  0.190600
 7589.49053   18.947  0.245800
 7594.23982   18.572  0.062100
 7594.25746   18.594  0.058600
 7594.29407   18.829  0.064300
 7594.31084   18.683  0.057600
 7594.32756   18.692  0.062900
 7594.35920   18.678  0.057400
 7594.37691   18.732  0.064700
 7594.39386   18.668  0.061800
 7594.41182   18.617  0.059500
 7594.44881   18.576  0.062300
 7604.27717   18.603  0.063500
 7604.30709   18.777  0.077200
 7604.32742   18.683  0.067300
 7605.22043   18.762  0.061100
 7605.23751   18.712  0.058900
 7605.26583   18.683  0.052800
 7605.28301   18.762  0.056000
 7605.30569   18.687  0.048200
 7605.32679   18.727  0.049600
 7605.34528   18.712  0.049100
 7605.36257   18.727  0.049600
 7605.37992   18.793  0.046900
 7605.42094   18.736  0.055000
 7605.43827   18.712  0.049100
 7605.45635   18.678  0.052700
 7605.47505   18.727  0.059500
 7605.49828   18.747  0.060400
 7606.22009   18.727  0.064500
 7606.23891   18.717  0.054200
 7606.25654   18.736  0.055000
 7606.27562   18.717  0.054200
 7606.29435   18.712  0.049100
 7606.31446   18.717  0.049200
 7606.33804   18.747  0.050300
 7606.36573   18.663  0.047400
 7606.38344   18.687  0.053000
 7606.40059   18.736  0.050000
 7606.42016   18.717  0.049200
 7606.43888   18.702  0.048700
 7606.45602   18.678  0.043100
 7606.47406   18.741  0.055200
 7606.49327   18.736  0.050000
 7607.21812   18.697  0.068000
 7607.23625   18.798  0.068000
 7607.25502   18.721  0.089000
 7607.27282   18.777  0.066900
 7607.34098   18.752  0.121300
 7607.35909   18.741  0.060200
 7607.37844   18.787  0.057100
 7607.39604   18.712  0.049100
 7607.41591   18.707  0.063600
 7607.43421   18.707  0.053800
 7607.45239   18.640  0.069900
 7607.47261   18.772  0.097500
 7608.24213   18.702  0.092600
 7608.26114   18.707  0.078200
 7608.30989   18.663  0.080500
 7608.34898   18.762  0.071300
 7609.20740   18.772  0.128200
 7609.22554   18.645  0.065400
 7609.24342   18.622  0.050600
 7609.26159   18.631  0.050900
 7609.27939   18.707  0.048900
 7609.29841   18.617  0.050400
 7609.31939   18.741  0.055200
 7609.32212   18.687  0.053000
 7609.34968   18.649  0.046900
 7609.36730   18.717  0.059100
 7609.38942   18.732  0.054800
 7609.40868   18.663  0.056900
 7609.42870   18.712  0.058900
 7609.45544   18.649  0.061000
 7609.47299   18.835  0.091400
 7609.48684   18.594  0.072100
 7610.22302   18.819  0.106300
 7610.24144   18.819  0.079700
 7610.26086   18.702  0.082800
 7610.28498   18.678  0.067000
 7610.36870   18.721  0.054400
 7610.38621   18.692  0.062900
 7610.40383   18.736  0.080000
 7610.42148   18.741  0.060200
 7610.43869   18.741  0.060200
 7610.46067   18.687  0.062700
 7610.47880   18.683  0.062400
 7611.21192   18.757  0.081200
 7611.23173   18.736  0.065000
 7611.24992   18.777  0.066900
 7611.26892   18.687  0.062700
 7611.28728   18.747  0.065400
 7611.31829   18.762  0.076400
 7611.33848   18.772  0.066700
 7611.35830   18.702  0.068200
 7611.37677   18.782  0.067200
 7611.39567   18.798  0.068000
 7611.41405   18.767  0.066400
 7611.43426   18.732  0.074700
 7611.45289   18.808  0.079100
 7611.47814   18.767  0.081800
 7612.22152   18.668  0.076100
 7612.23956   18.663  0.071100
 7612.25774   18.717  0.068900
 7612.28731   18.793  0.072900
 7612.30584   18.798  0.078400
 7612.32470   18.752  0.075800
 7612.34314   18.707  0.073300
 7612.36158   18.736  0.070000
 7612.38081   18.803  0.084000
 7612.39969   18.687  0.082000
 7612.41797   18.707  0.068500
 7612.43618   18.635  0.069600
 7612.45455   18.762  0.076400
 7612.47448   18.747  0.090600
 7616.23414   18.712  0.112900
 7616.25235   18.702  0.121800
 7616.27442   18.727  0.099200
 7616.29293   18.631  0.092500
 7616.31226   18.697  0.082500
 7616.33432   18.819  0.095600
 7616.35300   18.594  0.085600
 7616.37197   18.782  0.093000
 7616.39011   18.772  0.102600
 7616.40987   18.868  0.121200
 7616.42829   18.707  0.107600
 7616.46477   18.727  0.109100
 7617.24651   18.851  0.125200
 7617.26589   18.603  0.113400
 7617.28755   18.659  0.080300
 7617.30628   18.879  0.094500
 7617.32483   18.712  0.088300
 7617.34494   18.727  0.114100
 7617.36242   18.857  0.125700
 7617.38103   18.640  0.121100
 7617.39854   18.712  0.358200
 7617.42791   18.721  0.163100
 7617.44739   18.912  0.233700
 7617.46613   18.717  0.201900
 7621.22633   18.736  0.065000
 7621.24437   18.793  0.067700
 7621.26323   18.707  0.053800
 7621.28291   18.673  0.062000
 7621.30400   18.687  0.062700
 7621.32293   18.654  0.065900
 7621.34017   18.702  0.063300
 7621.37543   18.707  0.063600
 7621.39320   18.687  0.067500
 7621.41071   18.712  0.063800
 7621.45084   18.787  0.072700
 7624.25632   18.732  0.074700
 7624.27616   18.787  0.098600
 7624.32139   18.803  0.063000
 7624.34180   18.747  0.060400
 7624.35894   18.736  0.050000
 7624.38902   18.736  0.055000
 7624.40654   18.721  0.049400
 7624.42454   18.659  0.051900
 7624.44157   18.767  0.056200
 7625.23134   18.721  0.059300
 7625.24956   18.683  0.062400
 7625.27153   18.835  0.064500
 7625.29058   18.803  0.068300
 7625.30917   18.717  0.059100
 7625.32783   18.717  0.049200
 7625.34635   18.626  0.046100
 7625.36526   18.645  0.046700
 7625.39535   18.673  0.057200
 7625.41369   18.868  0.071600
 7625.43780   18.732  0.064700
 7626.22732   18.777  0.056600
 7626.24714   18.727  0.054600
 7626.26788   18.721  0.049400
 7626.28671   18.692  0.043500
 7626.31022   18.762  0.045800
 7626.32846   18.747  0.045300
 7626.34657   18.736  0.050000
 7626.36476   18.663  0.047400
 7626.39394   18.767  0.056200
 7626.41200   18.793  0.057300
 7626.43012   18.736  0.060000
 7627.23369   18.803  0.057800
 7627.25445   18.803  0.057800
 7627.27402   18.787  0.062300
 7627.29192   18.717  0.054200
 7627.31140   18.741  0.050200
 7627.32955   18.752  0.055600
 7627.34754   18.767  0.061300
 7627.39647   18.732  0.064700
 7627.41454   18.692  0.062900
 7628.23605   18.717  0.054200
 7628.25501   18.767  0.061300
 7628.27504   18.835  0.059100
 7628.29363   18.707  0.053800
 7628.31233   18.707  0.053800
 7628.33095   18.673  0.052500
 7628.34903   18.772  0.056400
 7628.36721   18.608  0.054600
 7628.39797   18.747  0.065400
 7628.41648   18.712  0.063800
 7628.43874   18.640  0.065200
 7629.22257   18.663  0.071100
 7629.24115   18.659  0.056700
 7629.26023   18.640  0.065200
 7629.26323   18.702  0.063300
 7629.26641   18.793  0.067700
 7629.28217   18.712  0.063800
 7629.30047   18.736  0.070000
 7629.31879   18.767  0.061300
 7629.33697   18.678  0.057400
 7629.35518   18.752  0.060600
 7629.37553   18.767  0.076700
 7629.39410   18.727  0.074400
 7629.43361   18.697  0.106800
 7630.23349   18.752  0.060600
 7630.25380   18.687  0.053000
 7631.28211   18.712  0.058900
 7631.31220   18.692  0.058100
 7631.32990   18.721  0.064300
 7631.34704   18.645  0.065400
 7631.36406   18.687  0.062700
 7631.38293   18.654  0.061200
 7631.40009   18.752  0.070700
 7631.42477   18.752  0.075800
 7632.24373   18.678  0.057400
 7632.26981   18.702  0.058500
 7632.41023   18.668  0.057000
 7632.42158   18.663  0.056900
 7633.22548   18.707  0.063600
 7633.24705   18.668  0.066600
 7633.26885   18.585  0.058200
 7633.30765   18.599  0.058800
 7633.32655   18.712  0.058900
 7633.34835   18.603  0.059000
 7635.25586   18.645  0.074800
 7635.29361   18.585  0.076100
 7638.22412   18.741  0.080300
 7638.24245   18.678  0.067000
 7638.26710   18.612  0.059400
 7638.28521   18.673  0.062000
 7638.30336   18.654  0.056500
 7638.33271   18.645  0.056100
 7638.34989   18.567  0.057500
 7638.36727   18.635  0.060300
 7638.38607   18.736  0.090000
 7638.39481   18.668  0.057000
 7638.40827   18.736  0.060000
 7639.22124   18.678  0.081400
 7639.24192   18.678  0.071800
 7639.26093   18.736  0.075000
 7639.28096   18.717  0.068900
 7639.29954   18.787  0.067500
 7639.31949   18.590  0.053900
 7639.33777   18.721  0.069200
 7639.35776   18.732  0.059700
 7639.38752   18.663  0.071100
 7641.22180   18.612  0.114100
 7641.24035   18.777  0.108100
 7641.27744   18.741  0.110300
 7641.29564   18.673  0.104900
 7641.31388   18.645  0.116800
 7641.33476   18.626  0.115300
 7641.35316   18.626  0.115300
 7641.37161   18.678  0.105300
 7641.39002   18.692  0.174200
 7642.22499   18.835  0.118300
 7642.24464   18.673  0.090600
 7642.27360   18.712  0.108000
 7642.29607   18.777  0.092700
 7642.33570   18.697  0.102000
 7643.22530   18.659  0.080300
 7643.24378   18.787  0.088200
 7643.26332   18.608  0.086500
 7643.28135   18.757  0.091300
 7643.29929   18.736  0.104900
 7643.31760   18.659  0.122800
 7643.33595   18.717  0.128000
 7643.36882   18.640  0.079200
 7643.39268   18.721  0.098900
 7644.22364   18.659  0.089700
 7644.24537   18.732  0.074700
 7644.27502   18.741  0.075200
 7644.29904   18.762  0.086600
 7644.31892   18.787  0.088200
 7644.33680   18.793  0.083400
 7644.35770   18.683  0.076900
 7644.37572   18.594  0.081100
 7644.38623   18.697  0.087400
 7645.22616   18.687  0.077100
 7645.24704   18.608  0.063700
 7645.26416   18.702  0.073100
 7645.29311   18.692  0.082200
 7645.32828   18.617  0.109900
 7645.36852   18.692  0.101600
 7646.23248   18.727  0.059500
 7646.25060   18.717  0.064000
 7646.26819   18.808  0.068500
 7646.28666   18.721  0.059300
 7646.30548   18.707  0.058700
 7646.32352   18.683  0.062400
 7646.34083   18.762  0.122200
 7646.38176   18.668  0.071300
 7647.28568   18.707  0.073300
 7647.30429   18.727  0.079400
 7647.32181   18.635  0.069600
 7647.34031   18.803  0.094500
 7649.22711   18.572  0.075400
 7649.24515   18.622  0.073500
 7649.28602   18.697  0.072800
 7649.30525   18.687  0.082000
 7649.33343   18.814  0.132300
 7650.22606   18.767  0.071500
 7650.28026   18.697  0.072800
 7650.29823   18.762  0.066200
 7650.31582   18.659  0.066100
 7650.33325   18.683  0.072100
 7650.35217   18.736  0.085000
 7650.37077   18.717  0.078800
 7651.22679   18.798  0.068000
 7651.24469   18.782  0.062000
 7651.26951   18.814  0.063500
 7651.28634   18.772  0.056400
 7651.30389   18.752  0.055600
 7651.32138   18.721  0.059300
 7651.34991   18.824  0.080000
 7652.24493   18.741  0.055200
 7652.26334   18.727  0.054600
 7652.29971   18.808  0.063200
 7652.31750   18.757  0.060900
 7652.33639   18.741  0.060200
 7653.23940   18.683  0.048000
 7653.26136   18.767  0.051100
 7653.27931   18.702  0.053600
 7653.29728   18.687  0.053000
 7653.33130   18.702  0.053600
 7653.34939   18.712  0.058900
 7653.36155   18.727  0.064500
 7654.22918   18.678  0.067000
 7654.24741   18.659  0.061400
 7654.26577   18.594  0.067600
 7654.28438   18.603  0.059000
 7654.30322   18.668  0.076100
 7654.34160   18.717  0.088600
 7655.22940   18.659  0.066100
 7655.24901   18.712  0.063800
 7655.26680   18.835  0.075300
 7655.28630   18.736  0.065000
 7655.31580   18.673  0.057200
 7655.33373   18.787  0.062300
 7655.35768   18.798  0.073200
 7657.24604   18.640  0.046600
 7657.26565   18.692  0.048400
 7657.29492   18.727  0.059500
