 7479.49237   18.648  0.047400
 7479.51218   18.733  0.049100
 7479.53602   18.669  0.040700
 7479.55584   18.679  0.040900
 7479.61213   18.713  0.046900
 7480.61815   18.733  0.049100
 7480.63584   18.761  0.049600
 7481.50272   18.712  0.041400
 7481.50574   18.733  0.043600
 7481.53947   18.757  0.044000
 7481.55769   18.653  0.031700
 7481.57606   18.699  0.037600
 7481.59406   18.685  0.030300
 7481.61389   18.724  0.027200
 7481.63190   18.753  0.029300
 7481.65194   18.787  0.031600
 7482.47786   18.704  0.039500
 7482.50071   18.628  0.040100
 7482.52787   18.741  0.034600
 7482.56667   18.681  0.032000
 7482.58408   18.757  0.036700
 7482.60150   18.728  0.032600
 7482.61879   18.742  0.029200
 7482.63666   18.752  0.036600
 7486.47294   18.717  0.036100
 7486.48504   18.651  0.031600
 7486.49694   18.739  0.036400
 7486.51159   18.692  0.030400
 7486.52341   18.669  0.030100
 7488.46417   18.625  0.038300
 7488.48273   18.669  0.035400
 7488.55626   18.701  0.037600
 7488.57494   18.759  0.040400
 7488.59441   18.733  0.043600
 7488.61715   18.679  0.035500
 7488.64387   18.679  0.028400
 7489.46728   18.742  0.034700
 7489.48486   18.741  0.038300
 7489.50277   18.761  0.034900
 7489.52160   18.672  0.030100
 7489.54259   18.721  0.030700
 7489.57168   18.746  0.031100
 7489.58936   18.676  0.031900
 7489.60874   18.699  0.030500
 7489.63475   18.732  0.030900
 7489.65558   18.774  0.037000
 7490.50159   18.750  0.060400
 7490.51971   18.715  0.032500
 7490.53706   18.744  0.029200
 7490.56605   18.796  0.031700
 7490.58343   18.704  0.034100
 7490.60096   18.710  0.036000
 7490.62096   18.713  0.036000
 7491.46534   18.717  0.050500
 7491.48393   18.776  0.033300
 7491.50234   18.722  0.032600
 7491.52257   18.724  0.034400
 7491.54013   18.681  0.035600
 7491.56270   18.628  0.034800
 7491.59208   18.674  0.030100
 7491.60981   18.735  0.029100
 7491.63121   18.732  0.029000
 7491.64950   18.748  0.031100
 7491.66900   18.676  0.031900
 7492.46058   18.699  0.046600
 7492.47899   18.721  0.030700
 7492.49760   18.690  0.032100
 7492.51790   18.730  0.027200
 7492.53655   18.746  0.025600
 7492.56037   18.704  0.030500
 7492.59818   18.748  0.027400
 7492.61765   18.728  0.025400
 7492.64041   18.685  0.030300
 7492.66763   18.768  0.025800
 7493.46288   18.639  0.033200
 7493.48138   18.695  0.039400
 7493.49982   18.739  0.032800
 7493.51859   18.744  0.029200
 7493.53753   18.710  0.028800
 7493.55684   18.694  0.030400
 7493.57975   18.701  0.032300
 7493.60619   18.741  0.038300
 7493.62969   18.710  0.028800
 7493.65234   18.783  0.033400
 7493.67123   18.660  0.045900
 7494.45147   18.712  0.034200
 7494.47056   18.717  0.030700
 7494.48911   18.770  0.051700
 7494.50996   18.704  0.062800
 7494.52859   18.761  0.088200
 7494.54727   18.759  0.042200
 7494.58005   18.685  0.030300
 7494.60309   18.683  0.033800
 7494.62450   18.763  0.025700
 7494.64357   18.685  0.023200
 7494.66437   18.706  0.028700
 7496.47212   18.813  0.039500
 7496.49079   18.669  0.028300
 7497.44426   18.712  0.045000
 7497.46270   18.746  0.032900
 7497.48130   18.715  0.028900
 7497.50020   18.796  0.041000
 7496.50938   18.721  0.027100
 7496.52783   18.646  0.026300
 7496.54649   18.712  0.037800
 7496.60360   18.706  0.025200
 7496.63272   18.748  0.034700
 7496.65154   18.730  0.027200
 7496.67019   18.667  0.026500
 7497.51890   18.660  0.031700
 7497.56399   18.813  0.078900
 7497.58435   18.809  0.112600
 7497.61668   18.715  0.027100
 7497.63636   18.676  0.042600
 7498.44326   18.669  0.040700
 7498.46452   18.732  0.034500
 7498.48499   18.752  0.031100
 7498.50405   18.732  0.032700
 7498.53540   18.710  0.028800
 7498.55371   18.759  0.033100
 7498.57209   18.667  0.026500
 7498.59489   18.699  0.026900
 7498.63913   18.703  0.030500
 7498.65819   18.695  0.034000
 7502.44218   18.690  0.055300
 7502.45411   18.706  0.046700
 7502.46679   18.704  0.052100
 7502.47891   18.641  0.043800
 7502.49106   18.671  0.037200
 7502.50317   18.667  0.044200
 7502.51843   18.732  0.041800
 7502.53069   18.770  0.044300
 7502.54278   18.792  0.042800
 7502.55545   18.763  0.040500
 7502.57586   18.746  0.042000
 7502.59122   18.724  0.048900
 7503.42962   18.646  0.054400
 7503.44459   18.813  0.054500
 7503.45747   18.721  0.048800
 7503.47213   18.688  0.046400
 7503.50376   18.609  0.043200
 7503.51707   18.695  0.046500
 7503.53277   18.753  0.047600
 7503.55317   18.781  0.044500
 7503.56597   18.717  0.037900
 7503.57818   18.692  0.042900
 7503.59219   18.732  0.043600
 7503.60736   18.685  0.053400
 7503.63490   18.708  0.062900
 7503.64711   18.662  0.056500
 7503.65996   18.779  0.068500
 7504.46714   18.776  0.070300
 7504.49186   18.748  0.071300
 7504.50406   18.739  0.058300
 7504.51636   18.757  0.062400
 7504.53049   18.728  0.054400
 7504.56098   18.706  0.059300
 7504.57396   18.722  0.063300
 7504.59484   18.733  0.078100
 7504.60903   18.776  0.101700
 7504.62351   18.759  0.090000
 7504.63562   18.692  0.066100
 7504.66005   18.656  0.096900
 7505.41420   18.733  0.067200
 7505.42657   18.663  0.058300
 7505.43903   18.777  0.075900
 7505.45153   18.768  0.071900
 7505.47126   18.735  0.058200
 7505.48339   18.651  0.043900
 7505.49551   18.646  0.050900
 7505.50767   18.683  0.049800
 7505.52290   18.737  0.052800
 7505.53565   18.701  0.062700
 7505.54817   18.694  0.084000
 7505.56782   18.739  0.224000
 7505.58095   18.639  0.080400
 7505.59370   18.658  0.070500
 7505.60778   18.660  0.081100
 7505.62864   18.602  0.096500
 7505.64079   18.681  0.069400
 7505.65302   18.750  0.107900
 7506.40695   18.753  0.060500
 7506.41889   18.779  0.066700
 7506.43116   18.753  0.064100
 7506.44341   18.798  0.057900
 7506.48133   18.744  0.052900
 7506.50069   18.750  0.045700
 7506.52573   18.787  0.052000
 7506.53823   18.748  0.047500
 7506.55114   18.724  0.045300
 7506.56327   18.676  0.044400
 7506.57553   18.783  0.057500
 7506.59010   18.708  0.037800
 7506.60846   18.692  0.033900
 7506.62280   18.715  0.032500
 7506.64275   18.724  0.041600
 7506.65694   18.768  0.033200
 7506.66794   18.642  0.033300
 7507.40730   18.695  0.051900
 7507.42374   18.779  0.051900
 7509.40005   18.746  0.036500
 7509.41598   18.634  0.034900
 7509.42822   18.671  0.028300
 7509.44140   18.781  0.031500
 7509.45494   18.667  0.030100
 7509.47103   18.776  0.033300
 7509.48388   18.708  0.032400
 7509.50489   18.757  0.031200
 7509.52430   18.699  0.034000
 7509.53590   18.722  0.039800
 7509.54874   18.722  0.032600
 7509.56060   18.686  0.030300
 7509.57376   18.792  0.033500
 7509.58867   18.686  0.028500
 7509.60360   18.724  0.029000
 7509.61590   18.704  0.025100
 7509.62784   18.706  0.027000
 7509.64702   18.746  0.034700
 7509.66675   18.690  0.028600
 7510.40968   18.730  0.030800
 7510.42154   18.642  0.026300
 7510.43409   18.692  0.025000
 7510.44584   18.686  0.023200
 7510.45799   18.708  0.025200
 7510.47380   18.737  0.020000
 7510.48642   18.678  0.033700
 7510.49912   18.697  0.021500
 7510.51321   18.715  0.027100
 7510.52926   18.703  0.026900
 7510.54928   18.672  0.028400
 7510.56125   18.699  0.032200
 7510.57459   18.685  0.024900
 7510.58992   18.703  0.025100
 7510.60286   18.726  0.023500
 7510.61663   18.774  0.024000
 7510.62870   18.811  0.028200
 7510.64216   18.681  0.024900
 7510.65451   18.719  0.028900
 7510.66837   18.724  0.027200
 7511.39425   18.724  0.027200
 7511.42196   18.730  0.027200
 7511.43379   18.692  0.023200
 7511.44573   18.703  0.023300
 7511.45761   18.701  0.021500
 7511.47102   18.656  0.029900
 7511.48366   18.728  0.027200
 7511.49616   18.695  0.030400
 7511.51023   18.706  0.028700
 7511.52276   18.763  0.029400
 7511.53622   18.672  0.024800
 7511.54360   18.681  0.030200
 7511.55904   18.728  0.034400
 7511.57503   18.722  0.025300
 7511.58889   18.776  0.035100
 7511.60423   18.735  0.052700
 7511.61642   18.750  0.053100
 7511.62874   18.712  0.072000
 7511.64154   18.772  0.038800
 7511.65580   18.757  0.034900
 7511.67509   18.764  0.038700
 7512.39671   18.671  0.039000
 7512.41550   18.761  0.042300
 7512.43060   18.646  0.031600
 7512.43919   18.649  0.029900
 7512.45749   18.715  0.037900
 7512.46884   18.655  0.035200
 7512.48003   18.681  0.039100
 7512.49133   18.741  0.043700
 7512.50302   18.764  0.042300
 7512.51472   18.692  0.028600
 7512.54679   18.757  0.023900
 7512.55986   18.706  0.028700
 7512.57287   18.739  0.031000
 7512.58592   18.774  0.037000
 7512.60497   18.732  0.032700
 7512.61649   18.742  0.034700
 7512.62855   18.719  0.037900
 7513.39195   18.686  0.033900
 7513.40479   18.685  0.030300
 7513.41720   18.699  0.026900
 7513.43045   18.706  0.025200
 7513.44493   18.704  0.023300
 7513.45770   18.721  0.027100
 7513.47124   18.692  0.030400
 7513.49245   18.794  0.031700
 7513.50923   18.721  0.027100
 7513.52439   18.752  0.031100
 7513.53829   18.742  0.025500
 7513.55249   18.724  0.027200
 7513.56810   18.712  0.025200
 7513.58453   18.685  0.021400
 7513.59990   18.681  0.032000
 7513.61506   18.690  0.021400
 7513.63505   18.694  0.030400
 7513.65814   18.690  0.033900
 7513.67065   18.728  0.032600
 7514.39518   18.662  0.045900
 7514.40748   18.750  0.047600
 7514.42034   18.735  0.036400
 7514.43286   18.772  0.035100
 7514.44707   18.757  0.029400
 7514.46011   18.676  0.024800
 7514.47584   18.726  0.025400
 7514.48863   18.717  0.025300
 7514.50177   18.722  0.025300
 7514.51472   18.772  0.035100
 7514.53742   18.733  0.025400
 7514.55085   18.721  0.025300
 7514.56643   18.690  0.025000
 7514.56798   18.721  0.023500
 7514.58344   18.672  0.024800
 7514.60196   18.699  0.023300
 7514.61901   18.674  0.024800
 7514.63477   18.726  0.029000
 7514.65030   18.737  0.025500
 7514.66299   18.776  0.027700
 7519.37789   18.658  0.024700
 7519.39005   18.703  0.025100
 7519.40811   18.712  0.023400
 7519.41964   18.699  0.019700
 7519.43130   18.663  0.026500
 7519.44296   18.681  0.033800
 7519.46331   18.701  0.019700
 7519.47603   18.683  0.019600
 7519.49130   18.750  0.022000
 7519.50375   18.712  0.021600
 7519.52138   18.713  0.036000
 7519.54052   18.694  0.023200
 7519.57369   18.772  0.027700
 7519.58836   18.741  0.029200
 7519.60330   18.750  0.027400
 7519.61485   18.742  0.034700
 7519.63327   18.761  0.029400
 7519.64654   18.679  0.033800
 7520.37099   18.796  0.035400
 7520.38400   18.721  0.030700
 7520.39655   18.820  0.033900
 7520.40932   18.785  0.040800
 7520.42414   18.688  0.033900
 7520.43666   18.701  0.028700
 7520.44919   18.653  0.035200
 7520.46227   18.722  0.038000
 7520.47476   18.847  0.076300
 7520.49439   18.741  0.051000
 7520.50845   18.774  0.061000
 7520.52043   18.685  0.026700
 7520.53281   18.728  0.030800
 7520.56119   18.683  0.030300
 7520.57366   18.699  0.035800
 7520.58575   18.623  0.083400
 7520.59824   18.658  0.031700
 7520.61027   18.697  0.039400
 7520.62955   18.690  0.030300
 7520.67109   18.697  0.044800
 7523.40547   18.712  0.079200
 7523.41588   18.669  0.074300
 7523.42753   18.811  0.030000
 7523.43940   18.688  0.026800
 7523.45872   18.672  0.030100
 7523.47138   18.678  0.023100
 7523.48505   18.724  0.023500
 7523.49826   18.746  0.031100
 7523.50254   18.759  0.025700
 7523.51146   18.753  0.023800
 7523.52537   18.715  0.027100
 7523.54011   18.770  0.033200
 7523.55787   18.683  0.028500
 7523.57352   18.688  0.032100
 7523.58551   18.719  0.034300
 7523.60484   18.757  0.038500
 7523.61679   18.728  0.032600
 7523.62837   18.708  0.032400
 7523.64021   18.744  0.027400
 7523.65220   18.759  0.033100
 7523.66364   18.710  0.027000
 7523.67486   18.697  0.028600
 7524.36246   18.733  0.038200
 7524.37490   18.699  0.025100
 7524.38702   18.730  0.025400
 7524.39945   18.726  0.027200
 7524.41124   18.742  0.025500
 7524.43153   18.706  0.027000
 7524.44735   18.724  0.038000
 7524.45962   18.695  0.028600
 7524.47160   18.746  0.027400
 7524.48364   18.662  0.024700
 7524.49940   18.699  0.021500
 7524.51108   18.719  0.021700
 7524.52228   18.728  0.025400
 7524.53549   18.686  0.028500
 7524.55015   18.678  0.024900
 7524.56930   18.710  0.023400
 7524.58099   18.721  0.025300
 7524.59288   18.704  0.028700
 7524.60524   18.726  0.027200
 7524.61786   18.665  0.028300
 7524.62936   18.701  0.026900
 7524.64079   18.703  0.026900
 7524.65559   18.715  0.032500
 7524.66722   18.728  0.030800
 7525.35929   18.764  0.040500
 7525.37240   18.694  0.034000
 7525.39124   18.764  0.035000
 7525.40333   18.686  0.028500
 7525.42163   18.685  0.028500
 7525.43511   18.704  0.028700
 7525.44715   18.679  0.024900
 7525.45981   18.739  0.029100
 7525.47259   18.706  0.028700
 7525.48502   18.710  0.030600
 7525.49797   18.724  0.027200
 7526.35890   18.820  0.049000
 7526.37098   18.627  0.041800
 7526.38256   18.805  0.044900
 7526.39400   18.728  0.047100
 7526.41324   18.665  0.037100
 7526.42494   18.694  0.037500
 7526.43637   18.656  0.038700
 7526.44886   18.739  0.040100
 7526.46085   18.706  0.034100
 7526.47361   18.697  0.048300
 7526.48565   18.641  0.047300
 7526.50140   18.692  0.037500
 7525.51275   18.717  0.025300
 7525.54273   18.724  0.025300
 7525.55657   18.761  0.029400
 7525.57037   18.699  0.025100
 7525.58301   18.721  0.025300
 7525.59483   18.701  0.030500
 7525.60836   18.672  0.033700
 7525.68493   18.681  0.033800
 7526.51472   18.735  0.040000
 7526.53202   18.770  0.038700
 7526.56363   18.852  0.044000
 7526.57550   18.646  0.036800
 7526.58695   18.713  0.039600
 7526.59969   18.665  0.042400
 7526.61307   18.695  0.035800
 7526.62471   18.741  0.040100
 7526.63580   18.690  0.039300
 7526.64725   18.750  0.042100
 7526.67347   18.646  0.040300
 7529.35315   18.655  0.065100
 7529.38486   18.662  0.056500
 7529.40961   18.811  0.058200
 7529.43420   18.681  0.058700
 7529.44644   18.715  0.052300
 7529.45927   18.733  0.043600
 7529.47165   18.752  0.045800
 7529.48418   18.660  0.044100
 7529.50740   18.776  0.064700
 7529.52051   18.757  0.055000
 7529.53387   18.608  0.046600
 7529.54706   18.620  0.060800
 7529.55987   18.757  0.075200
 7529.57231   18.646  0.070100
 7529.58632   18.613  0.077900
 7529.59878   18.660  0.084600
 7529.62388   18.717  0.079400
 7529.65971   18.669  0.058400
 7529.67206   18.671  0.060200
 7531.34313   18.712  0.136900
 7531.35595   18.649  0.117700
 7531.36848   18.852  0.137600
 7531.39358   18.699  0.121800
 7531.40594   18.701  0.102200
 7531.41822   18.712  0.093600
 7531.43033   18.774  0.096100
 7531.45005   18.753  0.098900
 7531.46279   18.695  0.078700
 7531.47479   18.635  0.078600
 7531.48676   18.701  0.087800
 7531.49872   18.781  0.083400
 7531.51224   18.726  0.077900
 7531.53741   18.573  0.110800
 7531.54980   18.802  0.123400
 7531.56196   18.676  0.094100
 7531.58224   18.609  0.114100
 7531.63195   18.713  0.122500
 7531.65954   18.582  0.124900
 7534.46793   18.678  0.035500
 7534.47964   18.781  0.050000
 7534.49341   18.710  0.046800
 7534.51419   18.724  0.032600
 7534.52625   18.763  0.038600
 7534.53879   18.728  0.029000
 7534.55090   18.732  0.029000
 7534.56390   18.802  0.035500
 7534.57579   18.764  0.036800
 7534.58691   18.763  0.034900
 7534.59839   18.776  0.038800
 7534.61203   18.783  0.044500
 7534.62418   18.717  0.037900
 7534.65573   18.724  0.039800
 7535.34661   18.665  0.049500
 7535.35773   18.679  0.056900
 7535.36933   18.712  0.054000
 7535.38463   18.768  0.040600
 7535.40334   18.752  0.040300
 7535.41504   18.783  0.044500
 7535.42674   18.724  0.038000
 7535.43972   18.735  0.038200
 7535.47074   18.679  0.037300
 7535.48229   18.697  0.043000
 7535.57223   18.746  0.036500
 7535.58411   18.764  0.035000
 7535.59591   18.681  0.042700
 7535.64531   18.752  0.047600
 7535.65749   18.704  0.048500
 7535.66993   18.752  0.054900
 7536.33524   18.701  0.041200
 7536.36232   18.651  0.031600
 7536.37569   18.785  0.042700
 7536.38757   18.712  0.034200
 7536.40099   18.735  0.032700
 7536.41238   18.644  0.038600
 7536.42500   18.730  0.034500
 7536.43915   18.703  0.032300
 7536.45139   18.686  0.033900
 7536.46379   18.686  0.028500
 7536.48399   18.777  0.029600
 7536.49953   18.642  0.029800
 7536.51277   18.708  0.030600
 7536.52559   18.753  0.031100
 7536.53976   18.686  0.030300
 7536.55379   18.658  0.035200
 7536.56514   18.783  0.033400
 7536.57689   18.713  0.037800
 7536.58916   18.613  0.031200
 7536.60278   18.748  0.038400
 7536.63573   18.669  0.037200
 7536.64776   18.663  0.040600
 7536.65963   18.730  0.045400
 7536.67157   18.701  0.048400
 7536.68282   18.628  0.045300
 7537.36165   18.759  0.042200
 7537.37290   18.715  0.048700
 7537.38444   18.694  0.037500
 7537.39604   18.717  0.036100
 7537.41537   18.697  0.034000
 7537.42841   18.658  0.031700
 7537.44285   18.646  0.031600
 7537.45566   18.730  0.032700
 7537.46747   18.703  0.037700
 7537.47931   18.706  0.034100
 7537.48215   18.708  0.032400
 7537.49265   18.667  0.035400
 7537.50998   18.667  0.031800
 7537.52412   18.669  0.031900
 7537.53629   18.703  0.034100
 7537.55596   18.735  0.032700
 7537.56820   18.715  0.032500
 7537.58013   18.744  0.032900
 7537.59779   18.585  0.037700
 7537.60381   18.750  0.042100
 7537.61134   18.642  0.036800
 7537.62313   18.674  0.037200
 7537.63568   18.717  0.037900
 7537.64781   18.676  0.040800
 7537.66000   18.669  0.040700
 7537.67179   18.717  0.054100
 7538.32513   18.585  0.041100
 7538.34338   18.695  0.035800
 7538.35469   18.701  0.039400
 7538.36640   18.712  0.037800
 7538.37782   18.592  0.041200
 7538.39361   18.701  0.034100
 7538.40547   18.730  0.034500
 7538.42186   18.779  0.033300
 7538.43432   18.739  0.031000
 7538.44642   18.690  0.030300
 7538.45795   18.712  0.030600
 7538.47747   18.732  0.029000
 7538.48977   18.721  0.028900
 7538.50522   18.732  0.030900
 7538.51988   18.678  0.030200
 7538.53476   18.735  0.038200
 7538.55108   18.679  0.030200
 7538.56276   18.726  0.036200
 7538.58557   18.744  0.052900
 7538.59777   18.694  0.037500
 7538.61616   18.699  0.046600
 7538.62792   18.597  0.032700
 7538.64663   18.733  0.036300
 7538.66037   18.697  0.050100
 7538.67283   18.630  0.038300
 7538.68484   18.685  0.055200
 7539.32298   18.674  0.040800
 7539.33944   18.658  0.037000
 7539.35188   18.685  0.032100
 7539.36432   18.669  0.031900
 7539.37583   18.741  0.056500
 7539.39540   18.582  0.085500
 7539.40712   18.719  0.027100
 7539.41979   18.674  0.028400
 7539.43473   18.752  0.042100
 7539.44707   18.697  0.028600
 7539.45886   18.692  0.026800
 7539.47030   18.632  0.083700
 7539.48323   18.726  0.032600
 7539.49564   18.660  0.049400
 7539.50973   18.712  0.037800
 7539.52302   18.697  0.032200
 7539.54235   18.790  0.042800
 7539.55401   18.690  0.080300
 7539.56807   18.662  0.160600
 7539.61502   18.753  0.089800
 7539.63988   18.813  0.174700
 7539.65124   18.642  0.042000
 7539.68128   18.748  0.058500
 7540.39141   18.671  0.044300
 7540.40289   18.683  0.032000
 7540.41457   18.635  0.041900
 7540.42783   18.676  0.037300
 7540.44150   18.697  0.030400
 7540.46405   18.763  0.038600
 7540.47901   18.726  0.032600
 7540.49125   18.695  0.041100
 7540.50353   18.697  0.034000
 7540.52102   18.695  0.041100
 7540.53469   18.699  0.026900
 7540.54728   18.651  0.033400
 7540.55994   18.642  0.031500
 7540.57152   18.676  0.033700
 7540.58950   18.807  0.037500
 7540.60915   18.697  0.034000
 7540.62068   18.721  0.034300
 7540.63982   18.717  0.034300
 7540.65323   18.764  0.038700
 7540.66431   18.730  0.034500
 7540.67594   18.755  0.044000
 7541.32154   18.794  0.044700
 7541.33375   18.721  0.047000
 7541.34589   18.669  0.028300
 7541.35821   18.735  0.063600
 7541.37052   18.671  0.056700
 7541.38463   18.722  0.034400
 7541.40807   18.766  0.047900
 7541.42082   18.794  0.128600
 7541.43341   18.692  0.032200
 7541.44614   18.669  0.031900
 7541.46008   18.685  0.030300
 7541.47535   18.726  0.025400
 7541.48785   18.676  0.023100
 7541.50138   18.722  0.027100
 7541.51445   18.708  0.023400
 7541.52776   18.726  0.023500
 7541.55162   18.671  0.028300
 7541.57049   18.679  0.019600
 7541.58578   18.697  0.023300
 7541.59921   18.695  0.023300
 7541.61243   18.766  0.025800
 7541.63058   18.722  0.027100
 7541.64963   18.728  0.032600
 7541.66215   18.634  0.036600
 7541.67464   18.597  0.041300
 7542.32554   18.785  0.050100
 7542.33768   18.706  0.030500
 7542.35739   18.742  0.029200
 7542.36945   18.688  0.026800
 7542.38167   18.699  0.032200
 7542.39487   18.746  0.027400
 7542.40699   18.669  0.033600
 7542.41924   18.732  0.030900
 7542.43133   18.674  0.030100
 7542.44356   18.721  0.027100
 7542.45773   18.672  0.028400
 7542.47012   18.732  0.025400
 7542.49184   18.701  0.026900
 7542.50552   18.703  0.026900
 7542.51889   18.777  0.027800
 7542.53238   18.701  0.025100
 7542.56269   18.733  0.029100
 7542.57564   18.697  0.028600
 7542.58934   18.683  0.024900
 7542.60425   18.721  0.027100
 7542.61707   18.728  0.027200
 7542.63125   18.768  0.033200
 7542.65366   18.802  0.041100
 7542.66706   18.741  0.045600
 7542.68224   18.768  0.062700
 7545.31422   18.692  0.028600
 7545.32658   18.618  0.027800
 7545.33888   18.692  0.028600
 7545.35356   18.724  0.025300
 7545.36610   18.733  0.032700
 7545.37903   18.683  0.032000
 7545.39166   18.768  0.031300
 7545.41342   18.724  0.032600
 7545.42586   18.611  0.025900
 7545.43825   18.704  0.021500
 7545.45085   18.742  0.025500
 7545.46397   18.674  0.026600
 7545.47631   18.690  0.025000
 7545.48898   18.706  0.028700
 7545.50218   18.728  0.023600
 7545.51693   18.739  0.029100
 7545.53105   18.722  0.028900
 7545.55185   18.755  0.033000
 7545.56462   18.658  0.033500
 7545.57716   18.699  0.037600
 7545.60159   18.616  0.036400
 7545.62970   18.623  0.040000
 7545.64233   18.642  0.038500
 7545.66730   18.706  0.048500
 7546.31096   18.635  0.036700
 7546.33076   18.671  0.028300
 7546.34301   18.699  0.028700
 7546.35515   18.641  0.028000
 7546.37065   18.703  0.030500
 7546.38307   18.717  0.025300
 7546.39553   18.737  0.025500
 7546.40830   18.726  0.025400
 7546.42074   18.679  0.023100
 7546.43314   18.759  0.025700
 7546.44604   18.733  0.025400
 7546.45944   18.703  0.025100
 7546.48159   18.694  0.025000
 7546.49785   18.701  0.023300
 7546.51114   18.712  0.025200
 7546.52543   18.697  0.026900
 7546.53783   18.620  0.024300
 7546.55051   18.690  0.025000
 7546.56308   18.737  0.027300
 7546.57723   18.781  0.040800
 7546.58952   18.634  0.027900
 7546.60222   18.699  0.026900
 7546.62589   18.674  0.028400
 7546.64060   18.681  0.028500
 7546.65325   18.721  0.039800
 7546.66530   18.686  0.042800
 7546.67326   18.719  0.043300
 7547.30938   18.648  0.028100
 7547.32097   18.703  0.030500
 7547.33426   18.658  0.028200
 7547.34627   18.681  0.028500
 7547.35991   18.699  0.026900
 7547.37182   18.706  0.025200
 7547.38391   18.692  0.025000
 7547.40442   18.662  0.026500
 7547.41684   18.658  0.021100
 7547.42828   18.788  0.031600
 7547.43992   18.676  0.021300
 7547.45133   18.692  0.030400
 7547.46687   18.665  0.026500
 7547.47968   18.688  0.026800
 7547.49349   18.781  0.031500
 7547.51036   18.575  0.030700
 7547.52557   18.582  0.034200
 7547.54540   18.796  0.042900
 7547.55808   18.634  0.027900
 7547.57372   18.737  0.030900
 7547.59063   18.688  0.030300
 7547.60326   18.722  0.041600
 7547.61748   18.802  0.041100
 7547.63071   18.763  0.036800
 7547.64290   18.674  0.037200
 7547.65513   18.678  0.035500
 7547.66723   18.630  0.038300
 7548.31053   18.590  0.041200
 7548.32247   18.676  0.047900
 7548.34182   18.627  0.036500
 7548.35324   18.764  0.038700
 7548.36456   18.651  0.033400
 7548.37618   18.697  0.037600
 7548.38740   18.690  0.033900
 7548.39909   18.753  0.038500
 7548.41207   18.618  0.031200
 7548.42533   18.715  0.027100
 7548.43664   18.710  0.032400
 7548.44806   18.706  0.035900
 7548.46819   18.644  0.031500
 7548.48052   18.692  0.030400
 7548.50048   18.679  0.026700
 7548.51205   18.674  0.039000
 7548.52352   18.828  0.039700
 7548.53520   18.648  0.031600
 7548.54663   18.732  0.039900
 7548.55971   18.777  0.053700
 7548.57146   18.623  0.031300
 7548.58308   18.656  0.042300
 7548.60277   18.621  0.038200
 7548.61398   18.690  0.053600
 7548.62601   18.845  0.061000
 7548.63728   18.779  0.057400
 7551.36992   18.774  0.068400
 7551.39331   18.768  0.047900
 7551.41640   18.648  0.064900
 7551.42847   18.628  0.040100
 7551.44050   18.656  0.061600
 7551.48813   18.834  0.053100
 7551.49981   18.623  0.041700
 7551.51357   18.726  0.045300
 7551.52501   18.658  0.042300
 7552.31146   18.678  0.126100
 7552.34195   18.739  0.045500
 7552.35344   18.660  0.033500
 7552.36582   18.641  0.031500
 7552.37745   18.704  0.034100
 7552.39836   18.753  0.034800
 7552.41098   18.672  0.031900
 7552.42264   18.634  0.033200
 7552.43678   18.667  0.031800
 7552.44881   18.660  0.038800
 7552.46058   18.715  0.043300
 7552.47246   18.681  0.039100
 7552.48550   18.752  0.038400
 7552.49772   18.560  0.032200
 7552.51110   18.697  0.035800
 7552.53199   18.655  0.033400
 7552.54515   18.592  0.034300
 7552.55785   18.523  0.038500
 7552.57115   18.737  0.050900
 7552.59623   18.746  0.042000
 7556.31907   18.599  0.051700
 7556.33609   18.570  0.040900
 7556.35736   18.556  0.042300
 7556.37125   18.681  0.046200
 7556.38397   18.570  0.035800
 7556.39621   18.656  0.040500
 7556.40856   18.620  0.041700
 7556.42105   18.628  0.038300
 7556.43381   18.722  0.050600
 7556.44619   18.621  0.038200
 7556.46778   18.651  0.035100
 7556.48044   18.604  0.032800
 7556.50002   18.618  0.045100
 7556.51209   18.662  0.044100
 7556.52411   18.516  0.046700
 7556.53624   18.766  0.051600
 7556.54819   18.613  0.036400
 7556.56207   18.621  0.038200
 7556.59641   18.609  0.031100
 7556.60853   18.669  0.037200
 7556.62571   18.639  0.035000
 7557.29030   18.641  0.064800
 7557.30876   18.549  0.047300
 7557.32710   18.613  0.051900
 7557.34674   18.568  0.047600
 7557.36494   18.541  0.047200
 7557.38312   18.632  0.050600
 7557.40133   18.582  0.041100
 7557.42010   18.642  0.040300
 7557.44118   18.627  0.040000
 7557.46199   18.584  0.056500
 7557.48449   18.544  0.054000
 7557.51132   18.694  0.060800
 7557.52974   18.742  0.060200
 7557.55277   18.578  0.042700
 7557.57131   18.656  0.040500
 7557.59021   18.683  0.058700
 7557.60900   18.568  0.068100
 7557.62764   18.555  0.089700
 7558.29829   18.594  0.127200
 7558.31663   18.688  0.058900
 7558.33546   18.614  0.083100
 7558.36978   18.478  0.121800
 7558.38941   18.722  0.054300
 7558.40759   18.674  0.056800
 7558.42687   18.491  0.044600
 7558.44602   18.526  0.050200
 7558.46688   18.692  0.076800
 7558.48792   18.504  0.064800
 7558.50939   18.395  0.057500
 7558.52782   18.408  0.059400
 7558.54628   18.549  0.074300
 7558.56933   18.692  0.078600
 7558.61557   18.637  0.069900
 7558.63447   18.548  0.060800
 7561.32002   18.390  0.044700
 7561.33839   18.430  0.043700
 7561.35710   18.544  0.057300
 7561.37578   18.516  0.053400
 7561.39474   18.478  0.051000
 7561.42317   18.484  0.049500
 7561.44143   18.536  0.042000
 7561.46197   18.416  0.033800
 7561.48071   18.419  0.038700
 7561.49800   18.493  0.048000
 7561.51512   18.533  0.047000
 7561.53874   18.421  0.058100
 7561.56029   18.468  0.044300
 7561.59512   18.493  0.057900
 7562.25918   18.382  0.033400
 7562.28392   18.395  0.033600
 7562.30069   18.362  0.028400
 7562.31794   18.406  0.027300
 7562.33544   18.434  0.034000
 7562.35321   18.478  0.049400
 7562.37110   18.458  0.040800
 7562.38889   18.384  0.038200
 7562.40609   18.392  0.036700
 7562.42577   18.398  0.032000
 7562.44524   18.401  0.027200
 7562.47648   18.406  0.027300
 7562.49409   18.427  0.027500
 7562.51603   18.458  0.029400
 7562.53413   18.357  0.031600
 7562.55289   18.445  0.032500
 7562.57510   18.370  0.031700
 7562.59318   18.341  0.034500
 7562.61028   18.468  0.039400
 7563.38686   18.333  0.067300
 7563.40414   18.261  0.044300
 7563.42127   18.236  0.036400
 7563.44499   18.389  0.055800
 7563.53084   18.455  0.057100
 7563.54837   18.197  0.088400
 7563.56756   18.259  0.062600
 7563.58539   18.333  0.039100
 7563.60218   18.362  0.088500
 7563.61231   18.239  0.123000
 7564.40620   18.217  0.025600
 7564.42348   18.215  0.045200
 7564.44435   18.199  0.022500
 7564.46368   18.196  0.019500
 7564.46678   18.203  0.022500
 7564.48498   18.181  0.020900
 7564.52232   18.188  0.026900
 7564.54081   18.203  0.024000
 7564.56331   18.206  0.031600
 7564.60578   18.223  0.034700
 7565.26920   18.113  0.026300
 7565.32493   18.065  0.041800
 7565.34351   18.056  0.021600
 7565.36205   18.023  0.019900
 7565.37990   18.030  0.021400
 7565.40153   18.046  0.022900
 7565.45837   18.015  0.032700
 7565.47681   17.974  0.022500
 7565.58215   17.986  0.024000
 7568.25908   16.703  0.007900
 7568.27684   16.689  0.007900
 7568.29549   16.647  0.007800
 7568.31361   16.639  0.006700
 7568.33160   16.623  0.006700
 7568.35132   16.614  0.006700
 7568.39368   16.554  0.006700
 7568.41889   16.538  0.005500
 7568.46415   16.494  0.009900
 7568.48305   16.482  0.005500
 7568.50128   16.456  0.006600
 7568.51988   16.445  0.005500
 7568.53999   16.452  0.005500
 7568.55911   16.428  0.005500
 7568.57750   16.437  0.006600
 7568.59753   16.419  0.006600
 7569.26398   16.706  0.007900
 7569.29872   16.707  0.006800
 7569.33371   16.729  0.007900
 7569.35228   16.753  0.007900
 7569.37074   16.785  0.006800
 7569.38922   16.791  0.006800
 7569.40761   16.808  0.006800
 7569.42608   16.815  0.006800
 7569.44492   16.827  0.006800
 7569.46331   16.850  0.006900
 7569.48214   16.882  0.006900
 7569.50042   16.896  0.006900
 7569.52300   16.909  0.009200
 7569.54924   16.953  0.008100
 7569.57455   16.980  0.009300
 7569.59020   16.954  0.009300
 7572.24108   18.072  0.023100
 7572.26395   18.092  0.018900
 7572.28229   18.064  0.015800
 7572.30104   18.074  0.018800
 7572.31913   18.052  0.018700
 7572.33729   18.076  0.018800
 7572.34081   18.049  0.017200
 7572.35928   18.041  0.015700
 7572.37893   18.039  0.014300
 7573.24074   18.220  0.027200
 7573.25907   18.208  0.021000
 7573.28137   18.212  0.018100
 7573.30807   18.238  0.019700
 7574.23608   18.341  0.031400
 7574.25388   18.312  0.024900
 7574.29073   18.287  0.024700
 7574.31191   18.390  0.033500
 7576.22705   18.566  0.040800
 7576.26356   18.453  0.035900
 7576.28065   18.486  0.031400
 7576.31254   18.484  0.029700
 7576.32985   18.421  0.025800
 7577.22515   18.476  0.032900
 7577.26106   18.442  0.032500
 7577.27854   18.483  0.031300
 7577.29733   18.548  0.032100
 7577.31483   18.516  0.028400
 7577.33323   18.560  0.023700
 7577.35116   18.585  0.024000
 7577.37117   18.458  0.024500
 7577.53730   18.570  0.028900
 7577.55408   18.513  0.028300
 7577.57243   18.479  0.026300
 7578.22410   18.513  0.031700
 7578.24120   18.553  0.037200
 7578.25873   18.524  0.025100
 7579.21495   18.524  0.036800
 7579.23318   18.541  0.032000
 7579.25519   18.635  0.026200
 7579.27291   18.568  0.022100
 7579.29064   18.604  0.025900
 7579.30828   18.582  0.025700
 7580.21268   18.577  0.046100
 7580.23328   18.575  0.039200
 7580.25161   18.646  0.038600
 7580.27259   18.563  0.028900
 7580.30312   18.606  0.029300
 7581.23324   18.712  0.039600
 7582.22968   18.578  0.046100
 7582.25803   18.768  0.068200
 7582.27542   18.672  0.031900
 7582.29319   18.737  0.074600
 7582.31088   18.578  0.029000
 7583.24214   18.660  0.042300
 7583.26021   18.683  0.042700
 7583.27952   18.671  0.040700
 7583.29769   18.674  0.044300
 7583.53358   18.753  0.044000
 7584.21854   18.616  0.043300
 7584.23690   18.683  0.042700
 7584.25885   18.777  0.053700
 7584.28458   18.748  0.064000
 7584.30518   18.695  0.039400
 7584.52795   18.608  0.041500
 7584.54929   18.613  0.034600
 7593.23048   18.697  0.037600
 7593.24864   18.721  0.045200
 7594.22223   18.568  0.042500
 7594.24137   18.635  0.043700
 7594.25882   18.621  0.033000
 7594.27834   18.642  0.038500
 7594.29548   18.755  0.034800
 7594.31224   18.690  0.037500
 7604.23945   18.639  0.045500
 7605.23908   18.739  0.031000
 7606.22160   18.717  0.034300
 7606.24028   18.772  0.027700
 7606.25806   18.722  0.025300
 7607.21947   18.820  0.037700
 7607.23789   18.732  0.030900
 7608.24349   18.695  0.075100
 7609.22691   18.737  0.029100
 7609.24483   18.685  0.030300
 7610.22437   18.701  0.059200
 7610.24294   18.719  0.034300
 7610.26237   18.768  0.042400
 7611.21347   18.694  0.035800
 7611.23325   18.717  0.037900
 7611.25144   18.713  0.030600
 7611.27043   18.739  0.032800
 7611.28882   18.679  0.033800
 7612.22303   18.663  0.049400
 7612.24107   18.824  0.051000
 7612.26295   18.744  0.036500
 7612.28883   18.788  0.037200
 7616.23567   18.672  0.072700
 7616.25386   18.651  0.072100
 7616.27596   18.663  0.072400
 7616.29446   18.658  0.042300
 7617.22838   18.776  0.074000
 7617.24810   18.741  0.076500
 7617.26739   18.839  0.081700
 7617.28910   18.794  0.054100
 7617.30785   18.800  0.052300
 7619.30359   18.757  0.051400
 7624.24021   18.742  0.071100
 7624.25785   18.679  0.053300
 7625.21408   18.733  0.060000
 7625.23287   18.692  0.035700
 7625.25113   18.672  0.039000
 7625.27306   18.665  0.038900
 7626.22880   18.721  0.025300
 7626.24868   18.715  0.025200
 7627.21502   18.708  0.043200
 7627.23522   18.733  0.023600
 7627.25596   18.733  0.029100
 7628.21894   18.742  0.034700
 7628.23760   18.701  0.026900
 7629.22410   18.724  0.032600
 7629.24268   18.802  0.033700
